Recombination Probability: 90
Mutation Probability: 70
Population Size: 100
Maximum Number Of Generations: 10000
Crossover Operator: PMX Crossover
Mutation Operator: Swap Mutation
0. Fitness: 504270 Chromosome: 14 55 38 41 16 22 43 13 4 23 11 32 25 0 31 21 29 1 44 7 35 50 49 17 9 52 51 33 39 48 47 15 20 53 54 8 2 24 10 27 56 46 45 42 18 6 34 19 28 30 12 5 36 40 26 37 3 
1. Fitness: 509131 Chromosome: 42 6 26 31 13 47 32 33 56 10 49 53 45 0 22 2 54 29 41 18 35 23 38 34 16 3 15 9 39 25 50 5 43 21 36 19 40 48 7 28 14 24 30 52 1 37 44 20 27 12 55 4 46 11 17 51 8 
2. Fitness: 515642 Chromosome: 26 0 47 8 41 25 31 13 48 24 23 38 6 45 36 53 22 29 44 40 32 4 35 20 16 3 15 9 39 11 50 5 43 21 12 28 46 33 17 49 51 14 34 27 18 52 2 10 30 54 42 19 7 56 1 37 55 
3. Fitness: 530093 Chromosome: 53 30 48 51 27 35 34 46 19 16 15 32 33 11 22 21 2 43 20 36 42 47 38 29 24 14 23 52 26 5 8 54 56 0 45 13 55 39 40 28 7 6 9 37 17 3 12 10 18 41 44 49 50 4 25 31 1 
4. Fitness: 535764 Chromosome: 29 20 32 50 27 9 19 54 7 6 13 53 17 44 31 42 47 55 41 18 35 23 38 34 26 3 12 4 25 49 16 15 36 0 52 11 33 39 40 28 8 14 10 24 43 56 46 21 37 51 22 30 45 5 2 1 48 
5. Fitness: 539525 Chromosome: 42 41 18 31 8 11 55 21 30 40 12 16 45 0 22 6 29 1 44 7 35 50 49 17 9 52 51 33 39 48 47 15 19 53 34 46 23 25 38 14 2 5 26 4 36 54 27 20 28 32 10 13 24 56 3 37 43 
6. Fitness: 540766 Chromosome: 38 37 13 22 1 35 41 49 27 11 31 32 44 0 47 6 18 29 20 19 42 39 33 9 7 50 5 48 17 53 26 52 3 46 34 30 15 36 45 28 56 23 16 14 12 40 2 51 43 8 54 24 25 10 21 4 55 
7. Fitness: 542007 Chromosome: 49 51 38 40 35 43 55 24 45 23 18 4 41 13 9 21 2 37 46 28 48 39 54 10 7 42 15 5 17 53 16 34 3 11 52 22 1 19 12 31 47 44 26 33 36 6 29 20 27 30 32 50 8 25 14 56 0 
8. Fitness: 546398 Chromosome: 13 45 38 41 35 56 52 49 14 12 40 42 24 20 1 9 6 33 25 7 32 4 2 29 27 19 44 22 0 16 23 17 50 10 5 46 51 8 18 37 48 47 55 43 15 28 34 26 3 31 30 11 21 36 39 54 53 
9. Fitness: 546969 Chromosome: 22 53 18 40 19 46 38 28 12 14 56 1 16 15 32 24 52 42 41 54 3 39 26 17 7 33 8 45 47 25 50 5 43 44 2 48 13 55 29 21 35 10 23 51 0 6 34 20 27 31 30 11 9 4 36 49 37 
10. Fitness: 5496410 Chromosome: 48 46 14 9 42 40 56 17 41 36 35 4 45 0 15 2 49 27 30 31 1 39 18 38 25 6 33 22 43 5 12 34 3 50 54 32 55 24 37 20 53 11 8 29 52 16 7 44 28 47 23 13 21 19 26 51 10 
11. Fitness: 5507111 Chromosome: 55 21 43 51 41 11 31 49 46 24 23 39 6 45 50 53 22 29 44 40 32 4 35 20 1 52 26 34 38 15 36 54 56 0 37 13 17 7 48 14 8 28 9 27 18 3 2 10 30 5 16 25 12 42 19 47 33 
12. Fitness: 5521512 Chromosome: 28 55 5 41 1 14 51 0 38 12 13 44 3 16 22 2 29 27 39 31 32 54 49 17 9 19 37 30 35 48 47 15 56 53 34 46 33 21 7 52 8 24 4 42 10 6 18 43 20 11 45 50 36 40 26 23 25 
13. Fitness: 5573513 Chromosome: 26 34 30 25 19 17 52 49 16 24 3 0 13 33 12 32 39 54 36 2 35 1 4 28 40 20 46 31 29 37 41 43 56 53 38 48 15 55 18 21 11 42 45 8 10 6 27 22 50 44 7 51 47 14 23 5 9 
14. Fitness: 5576614 Chromosome: 21 8 11 49 7 28 27 3 0 6 37 31 23 5 50 53 22 29 44 48 32 4 35 42 1 52 26 34 25 20 36 54 56 9 45 13 33 39 46 18 47 30 40 19 17 14 2 15 55 51 10 24 41 16 43 38 12 
15. Fitness: 5591515 Chromosome: 31 47 15 7 3 20 1 56 9 6 13 53 45 0 22 2 54 29 41 18 35 23 38 44 16 52 26 34 39 25 50 5 43 21 12 28 46 33 17 49 51 14 8 10 36 37 4 30 27 48 55 42 24 40 32 11 19 
16. Fitness: 5606316 Chromosome: 21 40 11 49 9 52 38 15 29 22 51 7 37 44 56 24 41 55 53 32 35 1 54 28 50 3 12 6 23 2 16 42 39 36 8 10 5 33 48 0 47 31 26 19 30 13 4 43 18 34 20 46 17 25 14 27 45 
17. Fitness: 5616617 Chromosome: 37 36 47 45 14 0 27 55 38 50 13 17 49 20 16 2 6 22 39 31 56 54 9 29 44 11 12 51 25 5 30 1 32 53 18 24 42 21 7 28 23 34 15 46 48 8 43 4 3 52 33 35 41 10 40 19 26 
18. Fitness: 5619718 Chromosome: 9 36 29 45 14 0 27 55 38 50 13 17 49 20 16 2 6 22 39 31 42 37 54 47 7 33 15 5 25 51 30 1 32 53 18 24 56 21 44 28 23 34 12 46 48 8 43 4 3 52 11 35 41 10 40 19 26 
19. Fitness: 5635619 Chromosome: 28 40 31 27 41 12 20 49 19 24 50 52 37 44 46 53 22 29 16 48 32 4 35 42 1 7 26 34 25 15 36 54 56 0 45 13 33 39 23 3 8 14 9 2 6 10 30 11 5 17 38 51 47 21 18 55 43 
20. Fitness: 5648120 Chromosome: 9 18 27 55 1 33 20 31 0 32 46 52 41 5 30 37 22 17 44 11 35 40 54 10 7 50 15 45 3 42 47 34 39 4 38 48 13 36 26 28 56 23 16 14 12 49 2 51 43 8 53 24 25 29 21 6 19 
21. Fitness: 5651421 Chromosome: 53 12 4 17 32 24 2 15 49 6 13 11 9 55 31 1 16 29 52 14 35 36 38 0 54 3 20 7 39 42 47 5 23 34 41 25 33 28 10 48 56 18 40 44 43 8 46 21 26 51 22 30 45 37 19 50 27 
22. Fitness: 5660122 Chromosome: 33 29 21 36 49 46 38 9 48 14 56 1 16 44 35 24 52 42 41 54 7 39 26 2 3 4 13 37 0 25 23 17 50 15 5 12 51 8 18 22 32 47 55 43 10 6 34 20 27 31 30 11 28 45 53 40 19 
23. Fitness: 5688023 Chromosome: 5 22 12 55 40 52 16 31 27 36 11 32 42 0 29 3 45 1 44 7 39 50 49 17 9 21 37 30 35 48 47 15 56 53 34 24 33 8 54 2 10 46 19 25 14 6 38 20 18 41 51 13 28 43 4 23 26 
24. Fitness: 5694424 Chromosome: 45 37 26 11 13 43 23 53 56 22 49 44 41 0 50 9 7 17 52 55 35 1 4 28 16 48 33 10 29 5 2 31 47 39 36 38 40 3 54 15 21 24 12 42 18 6 34 19 27 30 32 20 8 25 14 51 46 
25. Fitness: 5699125 Chromosome: 38 2 42 0 46 30 27 20 49 9 13 37 4 53 51 1 47 29 41 18 35 17 6 54 25 39 8 34 3 45 26 5 43 14 23 55 36 24 7 28 48 10 32 22 52 16 56 44 21 11 31 12 33 19 15 50 40 
26. Fitness: 5751726 Chromosome: 53 37 39 51 27 35 34 46 4 16 15 32 33 11 22 21 2 43 49 36 42 47 38 29 24 14 23 52 26 5 8 54 56 0 45 13 41 25 40 28 30 48 9 1 18 3 50 10 7 31 19 20 17 44 6 12 55 
27. Fitness: 5753827 Chromosome: 0 25 28 19 43 11 27 3 5 22 49 44 10 53 51 1 15 29 41 30 50 56 38 26 48 35 31 52 23 24 16 42 9 36 47 8 14 4 37 33 2 34 45 46 7 6 54 20 18 40 21 12 55 32 17 13 39 
28. Fitness: 5756128 Chromosome: 17 8 15 31 19 46 34 32 43 22 47 36 16 55 6 9 54 42 49 25 7 35 29 21 37 39 24 45 50 5 2 12 40 53 11 44 3 38 41 28 10 26 1 27 30 13 4 20 52 33 56 14 23 48 18 0 51 
29. Fitness: 5756729 Chromosome: 38 55 44 1 16 14 8 31 0 46 4 7 41 52 30 53 22 29 48 15 47 21 39 26 9 37 13 54 3 51 25 43 33 32 5 12 2 24 10 27 56 20 45 42 18 6 34 19 28 49 11 50 36 40 35 23 17 
30. Fitness: 5762130 Chromosome: 32 19 4 0 46 47 26 52 5 22 49 44 16 36 50 9 7 17 40 21 51 56 38 27 48 35 31 20 23 24 10 42 1 53 41 8 14 2 55 6 37 34 33 12 15 13 18 11 54 28 45 30 25 39 29 43 3 
31. Fitness: 5773531 Chromosome: 49 51 38 40 35 43 55 46 1 23 36 4 12 13 26 10 2 37 44 31 48 39 41 47 7 33 15 5 17 53 16 29 50 11 52 22 45 3 54 34 21 24 9 42 18 6 28 19 27 30 32 20 8 25 14 56 0 
32. Fitness: 5774232 Chromosome: 16 14 25 27 23 22 43 13 42 56 21 32 24 0 45 6 29 1 28 7 35 50 46 17 15 52 51 33 12 47 40 54 55 53 38 30 48 26 3 9 39 34 20 44 31 5 49 11 2 37 8 41 4 36 19 18 10 
33. Fitness: 5793833 Chromosome: 25 43 26 7 52 24 12 56 44 6 13 53 45 0 22 50 17 29 9 18 35 1 4 28 16 48 33 10 14 5 2 31 47 39 36 19 40 3 54 34 21 8 30 41 23 37 15 20 27 38 55 42 51 46 32 11 49 
34. Fitness: 5800034 Chromosome: 21 18 17 6 45 29 20 49 19 24 23 22 16 55 35 9 7 44 12 48 32 4 50 42 1 52 26 34 25 15 36 54 56 2 41 13 33 39 46 10 0 30 43 40 11 5 51 53 28 27 37 47 8 31 14 38 3 
35. Fitness: 5823735 Chromosome: 53 11 38 1 15 26 49 13 10 40 39 7 54 44 34 22 41 55 27 25 35 43 21 20 45 51 12 5 36 37 29 31 47 17 2 48 23 3 24 33 56 46 9 42 18 6 50 19 28 30 32 16 8 52 14 4 0 
36. Fitness: 5831636 Chromosome: 13 21 55 51 37 11 31 49 46 24 8 39 6 45 50 53 22 29 44 40 32 4 35 20 1 52 26 0 38 15 36 54 23 34 41 25 33 28 10 48 56 14 9 27 18 3 2 7 30 5 42 19 17 43 16 12 47 
37. Fitness: 5832037 Chromosome: 0 25 28 23 4 11 26 52 14 51 31 44 16 36 50 8 7 17 40 21 39 24 46 27 45 19 37 34 35 48 47 15 56 53 38 3 55 43 49 5 10 9 1 42 41 2 13 20 18 6 30 12 33 32 29 54 22 
38. Fitness: 5841138 Chromosome: 56 20 6 43 32 53 42 2 46 44 13 21 10 55 51 1 36 29 41 18 35 23 38 34 26 3 12 4 25 49 16 15 47 0 52 11 33 39 40 28 8 14 9 27 7 5 17 48 54 31 37 45 30 22 19 24 50 
39. Fitness: 5841639 Chromosome: 28 13 30 44 46 1 45 53 34 25 29 11 32 4 12 38 21 35 18 56 37 3 49 17 7 33 48 52 23 24 16 42 9 36 15 8 14 2 55 6 22 10 47 26 31 54 27 0 41 5 20 51 39 19 50 40 43 
40. Fitness: 5843640 Chromosome: 26 17 28 39 19 13 52 49 16 24 3 0 32 15 12 18 55 54 36 11 35 1 4 27 40 20 48 31 29 37 41 43 56 53 34 46 51 25 38 14 8 21 9 2 6 47 30 45 5 44 7 33 10 42 22 50 23 
41. Fitness: 5844841 Chromosome: 37 36 47 45 14 0 48 55 38 50 13 17 49 20 46 2 6 22 39 31 56 54 9 29 44 11 12 51 25 5 30 1 32 53 18 24 42 21 7 28 23 34 15 16 27 8 43 4 3 52 33 35 41 10 40 19 26 
42. Fitness: 5874942 Chromosome: 46 37 43 50 6 26 56 17 18 11 35 4 45 0 22 2 49 27 30 31 1 34 39 21 9 29 13 16 51 42 28 19 3 36 54 32 55 24 7 5 48 10 25 40 33 23 15 20 41 44 38 12 53 14 47 52 8 
43. Fitness: 5878143 Chromosome: 5 26 30 55 19 17 52 49 16 24 3 0 13 33 12 32 39 54 36 11 35 1 4 28 40 20 48 31 29 37 41 43 56 53 34 46 51 25 38 14 2 42 45 8 10 6 27 22 50 44 7 15 47 23 9 18 21 
44. Fitness: 5903144 Chromosome: 28 51 46 43 32 45 11 33 49 17 37 56 24 4 29 9 19 20 22 30 35 6 2 44 52 39 8 55 25 34 16 15 36 0 26 38 21 3 40 53 12 14 1 27 7 5 23 48 54 31 13 10 18 41 47 50 42 
45. Fitness: 5907645 Chromosome: 7 42 22 40 33 54 53 49 50 28 19 11 6 1 32 52 47 29 41 18 35 23 10 0 25 39 8 48 3 45 26 5 43 14 17 55 36 24 30 37 34 9 44 16 56 4 15 20 51 31 38 13 21 27 46 2 12 
46. Fitness: 5908946 Chromosome: 26 38 11 25 19 37 52 49 16 24 3 53 32 15 12 18 55 54 36 34 35 1 4 21 40 20 48 31 29 13 41 43 56 0 45 17 33 39 46 28 8 14 9 2 6 47 30 27 5 44 7 51 10 42 22 50 23 
47. Fitness: 5912647 Chromosome: 40 8 22 49 11 56 52 34 4 31 26 50 19 43 47 29 7 45 36 14 1 54 39 21 9 32 41 24 25 15 44 23 28 0 33 13 48 42 17 53 2 6 37 16 18 27 46 20 5 51 10 35 12 3 55 30 38 
48. Fitness: 5914148 Chromosome: 32 19 4 0 46 7 18 20 49 37 13 6 34 53 51 1 47 29 41 30 50 56 38 43 48 22 40 52 33 24 16 42 9 36 15 8 14 2 55 21 35 10 23 26 31 54 27 11 5 28 45 44 25 39 17 12 3 
49. Fitness: 5923749 Chromosome: 5 22 12 55 40 52 16 31 27 36 11 32 42 0 29 3 45 1 44 7 47 21 49 17 9 23 37 30 35 48 39 15 56 53 34 46 33 8 54 2 10 24 50 25 14 6 38 20 18 41 51 13 28 43 4 19 26 
50. Fitness: 5932950 Chromosome: 8 25 11 16 45 4 52 6 49 12 2 56 47 3 53 34 44 17 31 39 32 15 9 35 27 19 20 22 18 5 43 54 0 50 38 24 42 21 7 28 48 14 23 26 36 10 46 55 41 51 37 13 40 1 29 33 30 
51. Fitness: 5934051 Chromosome: 26 18 30 39 19 0 52 49 16 24 3 17 13 33 12 32 55 54 36 34 35 1 4 28 40 20 48 31 29 37 41 43 56 53 11 46 51 25 38 14 2 42 45 8 10 6 27 22 50 44 7 15 47 21 23 5 9 
52. Fitness: 5935552 Chromosome: 44 8 39 43 9 11 54 21 30 40 17 19 26 0 22 5 49 27 55 52 25 50 12 28 10 3 37 38 35 48 47 15 56 53 34 46 33 4 31 14 2 42 45 1 36 6 29 20 18 51 7 13 16 24 23 32 41 
53. Fitness: 5941853 Chromosome: 38 18 12 55 40 52 16 31 27 36 11 32 42 0 29 3 45 1 44 7 39 50 49 17 9 19 37 30 35 48 47 15 56 53 34 46 33 5 54 2 10 23 4 14 24 26 28 51 43 22 41 6 25 20 13 21 8 
54. Fitness: 5959554 Chromosome: 40 8 22 49 11 56 52 50 4 31 26 34 19 43 47 29 7 45 36 14 1 54 39 21 9 32 41 24 25 15 44 23 28 0 33 13 48 42 17 53 2 6 37 16 27 18 46 20 5 51 10 35 12 3 55 30 38 
55. Fitness: 5968055 Chromosome: 3 40 35 6 10 12 20 30 52 24 23 39 16 33 45 37 1 29 44 17 32 34 31 26 9 42 2 4 47 15 36 19 56 53 50 48 27 28 49 14 54 8 22 7 0 41 46 11 5 13 38 51 25 21 18 55 43 
56. Fitness: 5979356 Chromosome: 1 29 49 33 52 51 11 43 41 48 2 7 47 24 53 34 20 42 18 39 32 28 9 35 27 19 44 37 0 25 36 54 14 50 38 3 17 8 56 15 12 31 26 23 6 10 46 22 21 4 45 13 30 40 55 16 5 
57. Fitness: 5985857 Chromosome: 17 7 1 18 48 19 30 34 42 41 29 32 22 0 15 47 16 26 43 9 35 36 27 13 37 39 24 45 50 5 2 12 40 53 11 44 3 38 49 14 25 8 31 4 10 21 54 20 52 33 56 28 23 46 6 51 55 
58. Fitness: 5991658 Chromosome: 25 23 47 9 41 11 31 49 46 24 0 7 16 37 50 53 22 29 44 48 32 4 35 13 27 52 26 34 38 15 36 54 56 40 20 45 42 21 18 39 8 14 51 1 28 3 2 10 30 5 17 19 33 43 6 12 55 
59. Fitness: 5997259 Chromosome: 30 10 37 40 22 36 43 13 42 56 11 32 24 29 45 6 0 1 44 7 35 50 49 17 9 52 51 33 39 5 20 54 55 53 38 3 48 26 18 25 19 34 16 12 31 28 4 23 2 15 8 27 41 21 14 46 47 
60. Fitness: 6009760 Chromosome: 24 4 9 27 33 53 49 30 21 46 29 14 8 55 45 15 6 52 12 32 35 1 48 13 37 39 20 7 26 42 47 5 43 34 41 25 51 28 18 11 50 56 22 40 23 16 54 10 3 0 38 44 19 31 17 36 2 
61. Fitness: 6014361 Chromosome: 52 23 30 5 54 42 40 49 50 11 35 4 34 10 22 18 29 27 55 31 1 24 7 21 48 32 13 16 3 37 41 43 56 0 45 17 33 39 46 28 8 14 9 2 6 36 51 44 25 20 15 12 26 19 38 47 53 
62. Fitness: 6018962 Chromosome: 0 25 27 23 43 53 26 15 47 22 49 44 16 36 56 34 7 17 40 21 39 24 19 28 35 3 32 14 10 54 5 52 50 11 9 48 1 4 31 38 2 42 45 8 33 6 46 20 18 41 30 12 55 37 29 13 51 
63. Fitness: 6040563 Chromosome: 50 52 38 41 11 34 1 20 0 19 39 13 32 55 35 9 7 44 12 43 24 51 45 2 25 4 27 26 14 28 37 42 36 46 8 30 5 33 48 15 47 31 29 10 54 40 16 56 53 21 49 6 3 18 22 23 17 
64. Fitness: 6044064 Chromosome: 24 20 30 27 4 1 8 32 28 9 38 14 36 55 45 12 6 22 39 31 56 54 37 47 7 33 15 5 17 53 16 52 3 11 29 19 0 50 10 48 42 18 40 49 43 25 46 21 26 51 13 44 23 41 34 35 2 
65. Fitness: 6048965 Chromosome: 53 40 26 8 2 31 20 34 19 24 37 39 16 55 45 3 38 12 41 30 7 17 29 49 25 52 10 4 47 11 36 42 0 6 50 48 56 28 35 14 54 33 22 1 43 5 46 15 44 13 32 51 9 21 18 23 27 
66. Fitness: 6049166 Chromosome: 26 18 30 55 19 17 52 49 15 37 45 28 38 33 12 32 39 54 36 11 35 1 4 0 40 20 48 31 29 24 41 43 56 53 34 46 51 25 13 14 2 42 3 8 10 6 27 22 50 44 7 16 47 21 23 5 9 
67. Fitness: 6071267 Chromosome: 40 18 22 49 11 56 51 6 20 31 26 50 19 16 47 29 17 45 36 14 1 54 39 27 9 32 41 24 25 37 44 2 53 0 10 13 42 21 7 28 23 34 15 46 48 8 43 4 3 52 33 35 12 5 55 30 38 
68. Fitness: 6079368 Chromosome: 24 17 30 27 4 1 22 32 51 18 46 0 36 55 45 11 6 8 20 9 42 37 50 16 7 33 52 5 39 40 47 15 19 53 34 10 3 54 49 14 25 56 12 48 44 31 38 21 26 28 13 43 23 41 29 35 2 
69. Fitness: 6108769 Chromosome: 43 37 18 45 53 8 31 50 48 23 17 4 44 0 22 11 49 27 52 36 16 21 38 28 35 3 32 14 12 55 5 54 56 2 41 13 33 39 30 9 25 1 47 34 26 20 7 24 29 15 6 10 42 19 51 40 46 
70. Fitness: 6114370 Chromosome: 41 44 12 55 51 37 35 24 27 28 13 32 6 2 1 56 49 29 20 19 42 40 36 10 7 50 15 45 17 53 16 52 3 46 8 30 5 33 48 0 47 31 26 9 43 39 18 22 4 34 25 11 54 14 38 23 21 
71. Fitness: 6118771 Chromosome: 23 17 52 21 4 25 49 13 43 40 39 7 54 27 34 22 41 53 44 29 12 10 51 26 48 5 55 6 16 2 38 42 9 46 8 30 32 24 56 0 47 31 20 35 18 37 14 28 50 11 1 45 33 19 3 36 15 
72. Fitness: 6151472 Chromosome: 21 38 33 25 20 13 52 8 16 24 3 53 32 15 12 18 55 39 36 34 35 41 31 26 9 19 2 4 47 11 1 42 0 37 50 48 27 28 49 14 54 46 22 17 6 29 30 56 5 44 7 51 10 43 40 45 23 
73. Fitness: 6160873 Chromosome: 44 22 39 40 9 19 25 31 42 56 11 32 24 0 45 6 21 29 5 7 35 23 38 18 15 47 12 34 52 49 16 1 36 55 53 3 33 50 41 28 20 26 48 27 30 46 4 43 54 51 10 13 2 17 8 37 14 
74. Fitness: 6160974 Chromosome: 6 47 37 22 48 52 31 14 40 16 46 28 11 23 7 36 51 17 15 27 35 54 4 13 25 56 39 26 24 19 21 50 0 53 38 3 8 43 49 5 10 9 1 42 34 2 33 20 18 41 30 12 55 32 29 45 44 
75. Fitness: 6175975 Chromosome: 9 40 27 20 45 51 38 55 23 6 18 7 16 37 50 53 22 29 44 48 32 4 35 42 1 52 26 34 25 15 36 54 56 2 41 30 5 33 43 28 31 47 12 19 8 10 24 11 46 21 13 14 3 0 49 39 17 
76. Fitness: 6209276 Chromosome: 53 51 30 20 36 25 38 37 23 6 18 32 16 55 22 33 49 27 44 31 24 43 21 26 52 39 8 45 34 28 47 10 50 48 5 12 2 1 46 14 56 40 29 19 41 42 35 9 54 4 13 11 3 0 7 15 17 
77. Fitness: 6215977 Chromosome: 8 55 31 41 47 22 44 13 42 30 12 32 24 14 45 6 34 1 38 9 35 54 2 39 7 33 15 5 17 53 16 52 3 11 29 19 0 50 10 48 56 18 40 49 43 25 46 21 26 51 27 23 28 4 20 37 36 
78. Fitness: 6222978 Chromosome: 53 55 48 41 15 28 52 26 18 19 11 16 1 46 22 0 49 47 44 45 6 34 39 7 9 37 13 29 3 51 25 43 33 32 50 42 56 24 38 14 2 8 31 4 10 21 54 20 27 12 30 5 36 40 35 23 17 
79. Fitness: 6242379 Chromosome: 21 22 31 49 7 5 27 29 24 6 45 32 16 55 0 9 4 20 50 11 10 25 19 17 37 46 8 44 34 3 38 1 36 15 52 13 33 39 40 28 56 23 35 14 12 26 2 51 43 48 54 47 41 53 18 42 30 
80. Fitness: 6264280 Chromosome: 43 39 9 27 37 53 3 20 54 31 47 26 16 55 45 19 8 13 1 30 7 49 29 21 25 50 10 52 14 11 36 28 0 6 4 48 35 42 56 15 12 33 22 5 24 41 46 51 17 23 38 40 18 32 44 34 2 
81. Fitness: 6305881 Chromosome: 5 7 26 32 33 54 36 34 1 11 4 43 19 35 22 21 29 3 44 13 50 41 56 20 52 39 8 37 23 47 16 31 9 25 12 30 51 46 38 14 2 42 45 53 10 6 49 0 24 40 15 18 48 27 55 17 28 
82. Fitness: 6312482 Chromosome: 32 26 10 12 33 47 3 22 6 7 43 24 16 55 50 9 2 29 44 30 18 23 0 40 52 48 37 34 25 1 36 19 56 53 20 45 42 21 35 39 8 14 4 17 28 41 46 15 5 13 38 51 11 27 54 49 31 
83. Fitness: 6322383 Chromosome: 15 9 10 25 19 13 52 49 16 24 3 53 32 23 12 18 55 54 36 34 35 1 4 21 40 20 2 31 47 11 17 42 0 37 50 48 27 28 30 14 29 8 22 7 56 41 46 6 5 45 38 51 33 26 39 44 43 
84. Fitness: 6337784 Chromosome: 34 43 18 47 53 25 44 21 30 40 12 35 45 0 22 2 1 27 55 15 16 56 38 28 4 3 32 14 31 54 41 52 50 11 8 29 42 24 48 9 49 5 26 33 36 6 46 20 17 51 10 13 23 19 39 37 7 
85. Fitness: 6361285 Chromosome: 32 17 20 3 19 43 14 11 27 22 40 23 25 0 6 9 1 42 41 45 7 50 29 13 18 39 37 30 35 48 47 15 56 53 34 46 33 8 54 2 10 24 12 5 44 31 38 26 28 52 55 21 16 36 49 51 4 
86. Fitness: 6368786 Chromosome: 5 29 12 55 40 43 47 34 1 22 11 32 42 0 36 3 45 27 44 7 39 50 49 17 9 19 37 30 35 48 16 15 56 53 31 46 33 8 54 2 10 24 21 25 14 6 38 20 18 41 51 13 28 52 4 23 26 
87. Fitness: 6369287 Chromosome: 23 51 56 52 34 53 46 21 30 40 12 4 45 0 22 2 25 27 55 15 16 18 38 28 35 3 32 14 10 54 5 39 50 11 8 29 42 24 48 9 49 33 47 41 26 7 20 44 13 36 31 17 1 19 43 37 6 
88. Fitness: 6374288 Chromosome: 21 18 24 6 45 12 20 50 19 23 17 4 44 0 22 2 49 27 55 48 32 7 35 37 1 52 26 34 25 15 36 54 56 53 41 13 33 39 46 10 42 30 43 40 11 5 31 9 28 29 16 47 8 51 14 38 3 
89. Fitness: 6383489 Chromosome: 55 13 27 38 14 8 20 31 0 46 54 7 41 52 44 53 22 29 48 15 47 21 39 26 9 32 11 16 3 51 25 43 33 37 5 12 2 24 10 1 56 23 35 42 18 6 34 19 28 30 4 50 36 40 49 17 45 
90. Fitness: 6386690 Chromosome: 13 27 8 54 39 34 3 32 28 31 47 26 16 55 45 48 6 42 56 30 7 35 29 17 25 21 10 52 14 11 36 49 0 53 50 43 9 1 19 15 12 33 22 5 24 41 46 51 4 23 38 40 18 20 44 37 2 
91. Fitness: 6403691 Chromosome: 4 39 9 27 18 53 40 32 33 31 15 26 16 55 45 3 38 12 5 30 1 17 29 35 25 52 10 24 47 11 36 42 0 6 50 48 43 28 49 14 54 8 22 7 56 41 46 21 51 37 34 44 23 20 19 13 2 
92. Fitness: 6408992 Chromosome: 24 40 27 20 50 52 38 56 23 6 18 32 16 55 35 9 7 15 31 43 47 29 45 2 25 4 39 26 14 28 37 42 36 46 8 30 5 33 41 44 19 12 51 53 54 10 22 11 48 21 13 1 3 0 49 34 17 
93. Fitness: 6428393 Chromosome: 8 36 24 39 34 53 46 21 30 40 12 4 45 0 22 2 25 27 55 15 16 47 38 28 35 3 32 14 10 54 5 52 50 11 42 26 49 17 41 20 19 44 51 29 7 31 37 18 6 33 43 1 48 9 56 13 23 
94. Fitness: 6443494 Chromosome: 3 42 31 49 7 5 27 29 24 6 45 32 16 55 0 9 22 47 44 30 46 23 38 40 52 48 37 34 25 15 35 19 56 50 17 53 33 21 18 39 8 14 20 1 28 10 2 51 43 4 36 13 11 12 41 26 54 
95. Fitness: 6482695 Chromosome: 38 37 13 51 56 35 41 49 27 24 23 32 20 28 29 3 45 1 44 7 42 40 54 10 19 50 15 2 17 53 16 34 21 46 8 30 5 33 48 0 47 31 26 9 43 39 18 22 4 52 25 11 36 14 6 12 55 
96. Fitness: 6509896 Chromosome: 14 7 30 55 19 17 52 49 16 24 3 0 13 33 12 32 39 54 36 11 35 1 4 28 40 5 53 6 44 2 15 42 9 46 8 50 34 37 56 29 47 31 26 23 41 10 22 18 20 21 38 27 25 51 48 43 45 
97. Fitness: 6516397 Chromosome: 27 32 50 34 13 52 38 56 23 6 18 21 16 55 35 9 7 44 12 43 24 51 45 2 25 4 39 26 14 28 37 42 36 46 8 30 5 33 48 15 47 31 29 19 41 10 22 11 54 3 17 20 0 40 49 1 53 
98. Fitness: 6567998 Chromosome: 42 16 39 43 29 53 46 21 51 40 17 4 45 0 22 2 49 18 55 15 24 56 38 28 35 3 7 23 10 54 5 52 50 11 9 48 1 13 12 31 47 44 26 33 36 6 34 19 27 30 32 20 8 25 14 37 41 
99. Fitness: 6738099 Chromosome: 24 55 38 32 33 54 36 34 1 11 4 43 19 35 22 21 29 3 44 13 50 41 56 20 48 5 53 37 23 47 16 31 9 46 0 39 2 12 52 14 10 40 30 42 15 51 28 45 8 49 7 6 27 18 25 26 17 
