Recombination Probability: 80
Mutation Probability: 60
Population Size: 100
Maximum Number Of Generations: 10000
Crossover Operator: PMX Crossover
Mutation Operator: Inversion Mutation
0. Fitness: 496320 Chromosome: 51 35 47 42 46 31 44 9 34 8 18 40 37 52 17 25 38 7 2 0 41 27 30 33 1 22 53 20 4 11 5 14 10 23 3 39 13 19 48 55 21 50 45 6 54 24 36 28 56 16 12 15 29 32 26 49 43 
1. Fitness: 519401 Chromosome: 25 49 32 13 36 46 34 21 40 7 45 31 9 11 55 5 20 19 16 56 37 4 23 12 43 35 38 6 14 54 29 8 33 2 18 0 27 28 39 47 41 48 15 44 52 53 50 51 24 3 42 26 17 30 1 10 22 
2. Fitness: 522592 Chromosome: 48 25 24 16 42 30 32 51 49 13 28 3 46 15 37 36 56 19 44 21 22 34 50 39 26 53 10 41 17 27 47 4 23 12 43 35 38 6 14 54 29 8 33 2 18 0 20 5 55 11 9 31 45 7 40 1 52 
3. Fitness: 526633 Chromosome: 23 36 33 18 12 51 50 26 43 3 31 52 42 46 28 22 17 37 16 20 56 10 5 55 35 54 27 47 25 15 39 13 21 1 7 0 6 32 2 41 9 34 49 4 24 19 40 8 53 45 29 44 30 48 11 38 14 
4. Fitness: 528124 Chromosome: 25 49 11 9 31 45 7 40 21 34 46 36 13 32 55 5 20 0 18 2 33 8 29 54 14 6 38 35 43 12 23 4 37 56 16 19 27 28 39 47 41 48 15 44 52 53 50 51 24 3 42 26 17 30 1 10 22 
5. Fitness: 528555 Chromosome: 13 16 37 41 25 23 21 3 42 36 14 6 9 31 55 43 24 53 8 5 19 46 52 35 40 34 12 10 15 33 0 17 48 1 44 22 45 28 4 38 32 47 7 39 11 56 20 54 30 27 26 50 49 18 2 29 51 
6. Fitness: 533006 Chromosome: 33 34 20 13 7 17 23 4 37 56 26 44 5 6 35 54 28 45 1 49 51 14 43 29 41 9 30 22 18 31 12 53 16 0 39 36 19 40 46 15 27 8 38 11 42 52 21 3 24 32 50 48 47 10 55 25 2 
7. Fitness: 536317 Chromosome: 1 27 16 22 3 26 18 14 51 6 5 45 21 11 53 30 19 49 41 10 25 29 47 7 40 34 12 46 8 24 2 4 28 33 43 50 56 32 13 23 38 15 55 35 52 54 42 48 17 44 39 36 31 9 37 0 20 
8. Fitness: 536708 Chromosome: 54 51 6 41 20 53 10 2 17 33 37 44 5 25 38 11 34 26 15 12 16 56 28 1 24 31 9 55 48 19 13 39 45 4 47 52 42 40 36 0 30 18 7 21 29 8 23 50 43 14 49 32 3 27 22 46 35 
9. Fitness: 541549 Chromosome: 11 6 32 1 30 34 54 50 18 52 9 31 33 2 24 21 16 36 37 8 10 7 42 48 35 38 44 22 39 43 26 17 56 3 0 53 40 55 49 46 25 41 47 15 28 27 19 45 14 13 4 23 12 51 29 20 5 
10. Fitness: 5420610 Chromosome: 28 5 18 22 30 0 10 53 33 27 13 23 1 55 31 9 25 21 3 20 46 19 17 16 14 34 35 38 43 56 52 44 50 6 29 2 37 36 47 41 48 39 54 45 32 26 12 42 24 51 7 15 8 11 40 49 4 
11. Fitness: 5454111 Chromosome: 2 28 48 21 9 19 7 1 37 15 45 6 10 11 55 5 20 0 18 26 30 27 8 38 50 39 41 44 12 51 43 47 46 17 42 29 54 14 32 3 34 49 52 16 23 31 25 22 56 53 35 24 36 40 13 4 33 
12. Fitness: 5464712 Chromosome: 0 51 50 46 28 18 14 32 17 43 29 52 9 31 13 25 38 55 2 19 15 27 6 33 56 22 23 37 12 40 7 5 30 3 39 47 41 48 54 4 20 53 8 35 24 10 16 34 26 49 44 42 45 1 11 21 36 
13. Fitness: 5468613 Chromosome: 35 29 37 44 4 41 24 8 21 55 48 36 47 10 11 30 51 7 13 19 1 2 18 32 39 26 20 6 38 52 0 54 3 5 17 56 23 43 25 33 22 49 9 28 40 42 12 50 16 34 14 15 46 45 27 53 31 
14. Fitness: 5496414 Chromosome: 35 29 37 21 8 24 41 4 44 55 48 36 47 10 11 30 51 7 13 19 1 2 18 32 39 26 20 6 38 52 0 54 3 5 17 56 23 43 25 33 22 49 9 28 40 42 12 50 16 34 14 15 46 45 27 53 31 
15. Fitness: 5503415 Chromosome: 2 35 33 44 21 45 12 52 31 43 1 13 24 0 42 7 47 29 9 26 38 30 49 40 37 36 22 11 19 54 25 16 32 28 50 3 56 17 10 15 14 48 39 6 46 5 55 8 18 23 20 41 27 34 51 53 4 
16. Fitness: 5505916 Chromosome: 10 14 2 52 21 51 53 4 24 33 35 31 43 0 42 7 47 29 56 26 46 28 23 12 36 37 40 49 30 38 5 55 48 39 6 8 27 15 50 17 16 22 44 54 45 18 41 13 3 1 9 34 11 25 19 20 32 
17. Fitness: 5520717 Chromosome: 5 30 12 50 33 22 11 20 34 28 18 36 37 52 17 25 38 55 2 19 15 27 21 45 24 4 48 0 6 32 14 41 9 7 49 3 31 35 10 40 26 47 8 54 13 39 1 29 51 56 16 44 23 42 46 53 43 
18. Fitness: 5524018 Chromosome: 16 13 37 41 32 33 21 3 42 36 14 6 9 31 55 43 24 53 8 5 19 46 52 35 40 34 12 10 15 23 26 25 44 7 28 45 22 38 1 48 17 0 4 39 11 56 20 54 30 27 47 50 49 18 2 51 29 
19. Fitness: 5528319 Chromosome: 16 13 37 41 25 23 21 34 42 36 14 6 9 10 55 12 24 53 8 5 19 46 52 15 40 56 11 39 7 0 17 48 1 44 22 45 28 4 38 32 47 33 35 31 43 3 20 54 30 27 26 50 49 18 2 51 29 
20. Fitness: 5539120 Chromosome: 48 47 22 39 42 50 11 5 38 43 17 56 20 15 27 10 44 49 51 14 21 6 2 40 19 30 41 53 18 45 25 3 23 12 16 4 34 36 31 33 28 1 26 13 9 52 7 37 35 54 46 32 8 0 29 24 55 
21. Fitness: 5554921 Chromosome: 45 44 2 52 21 50 28 32 16 0 54 19 11 22 36 37 40 49 30 38 5 55 48 39 6 46 26 56 29 47 7 42 25 43 31 35 33 24 4 53 51 3 9 17 10 15 14 8 18 23 20 41 27 1 12 34 13 
22. Fitness: 5577222 Chromosome: 53 50 45 27 17 46 13 21 1 52 30 11 38 41 22 44 43 55 36 42 7 26 0 3 54 31 34 24 10 29 35 20 40 2 6 47 39 28 5 19 16 4 37 56 23 12 51 8 18 9 15 32 14 48 33 49 25 
23. Fitness: 5583923 Chromosome: 16 13 37 41 25 23 21 3 42 36 14 6 9 31 55 43 24 53 8 5 19 46 52 35 40 34 12 10 15 33 47 32 38 4 28 45 22 44 1 48 17 0 7 39 11 56 20 54 30 27 26 50 49 18 2 51 29 
24. Fitness: 5583924 Chromosome: 16 13 37 41 25 23 21 3 42 36 14 6 9 31 55 43 24 53 8 5 19 46 52 35 40 34 12 10 15 33 47 32 38 4 28 45 22 44 1 48 17 0 7 39 11 56 20 54 30 27 26 50 49 18 2 51 29 
25. Fitness: 5587825 Chromosome: 51 35 50 13 46 31 11 9 34 29 18 14 37 52 17 25 38 55 2 19 24 27 6 33 56 22 53 20 4 54 48 41 47 39 3 30 5 7 40 42 16 0 1 12 44 23 36 49 15 26 32 21 28 10 43 8 45 
26. Fitness: 5588626 Chromosome: 25 49 32 13 36 46 34 21 43 7 16 56 9 11 55 47 20 0 18 2 33 37 29 10 14 45 31 8 40 19 24 4 35 38 6 23 54 53 26 5 50 48 15 44 52 28 41 51 12 3 42 39 17 30 1 27 22 
27. Fitness: 5597427 Chromosome: 48 45 25 53 3 50 46 5 40 43 35 18 20 34 4 6 1 31 16 12 39 42 26 47 56 23 44 33 22 38 24 36 28 14 54 49 41 10 27 15 7 30 19 17 2 13 21 8 52 51 11 9 37 0 29 32 55 
28. Fitness: 5597728 Chromosome: 53 15 38 1 56 42 3 51 14 43 29 41 9 4 2 44 33 48 30 36 22 45 10 24 11 47 16 5 0 37 19 7 12 46 25 54 8 17 23 27 6 55 18 35 52 32 49 50 40 21 13 28 31 26 20 34 39 
29. Fitness: 5615529 Chromosome: 31 36 19 21 26 37 2 1 51 33 45 6 10 11 55 5 20 0 18 16 27 15 46 8 40 34 12 7 39 24 47 4 28 25 43 50 56 32 13 23 49 22 3 14 52 54 42 29 17 44 48 53 41 9 35 30 38 
30. Fitness: 5615630 Chromosome: 27 4 26 2 36 22 35 48 51 44 40 24 21 11 55 5 20 0 29 15 30 3 33 14 10 54 56 32 50 41 31 47 34 18 19 45 53 28 42 6 9 52 17 49 1 38 23 13 7 12 39 43 25 8 37 46 16 
31. Fitness: 5622231 Chromosome: 34 1 6 32 16 31 22 9 7 10 11 55 5 20 50 43 51 39 54 8 27 15 46 40 19 30 41 53 18 45 25 3 29 38 23 13 37 12 49 52 26 48 33 14 17 0 42 28 24 56 44 35 2 36 4 47 21 
32. Fitness: 5625032 Chromosome: 38 21 6 49 44 35 5 54 12 39 43 10 8 37 46 41 50 32 36 7 15 31 33 19 1 13 28 9 56 16 27 20 4 0 47 45 48 55 26 34 53 51 30 42 17 3 23 24 25 40 18 29 14 52 22 11 2 
33. Fitness: 5633233 Chromosome: 18 17 54 6 45 50 21 55 48 19 35 39 3 24 36 28 56 16 12 15 2 9 52 38 25 5 22 37 27 10 40 47 11 8 49 44 41 53 20 23 30 34 46 26 1 29 13 7 42 0 43 31 14 33 51 32 4 
34. Fitness: 5637634 Chromosome: 50 30 26 36 20 1 25 28 53 47 31 48 15 5 46 12 56 10 14 45 21 8 33 19 24 4 34 0 6 32 2 41 9 7 49 37 38 35 55 40 11 3 27 54 13 39 22 29 51 52 17 44 23 42 16 18 43 
35. Fitness: 5639535 Chromosome: 22 50 4 56 17 46 13 21 44 16 30 11 9 31 55 1 24 53 36 42 7 26 0 3 54 6 34 8 10 29 28 20 40 2 5 51 25 19 41 47 52 45 23 27 14 38 35 43 18 12 15 32 37 48 33 49 39 
36. Fitness: 5643136 Chromosome: 27 4 26 2 36 22 35 48 51 44 40 24 21 11 55 5 20 0 29 15 30 3 33 14 10 54 56 32 50 41 31 47 34 18 19 45 53 28 42 6 1 49 17 52 9 38 23 13 7 12 39 43 25 8 37 46 16 
37. Fitness: 5673037 Chromosome: 53 0 35 18 2 50 30 12 5 3 9 23 10 11 55 42 16 49 21 28 14 43 15 4 19 33 8 38 40 31 32 1 34 56 24 26 20 51 13 52 44 27 6 29 17 37 36 47 41 48 39 54 45 25 46 22 7 
38. Fitness: 5701438 Chromosome: 28 4 9 6 52 38 49 16 51 50 2 22 1 29 48 43 30 15 3 13 12 11 54 47 36 55 0 32 31 41 46 37 8 10 56 39 20 33 5 34 53 35 21 42 17 19 40 25 24 23 18 26 44 27 45 14 7 
39. Fitness: 5703239 Chromosome: 50 21 18 49 30 11 47 40 53 27 12 15 51 22 2 36 41 45 19 3 9 10 55 32 52 54 35 6 4 28 34 29 38 25 5 46 37 48 20 23 44 56 39 26 1 16 13 7 42 0 43 31 14 33 24 17 8 
40. Fitness: 5711840 Chromosome: 18 47 11 21 3 19 49 13 46 14 27 8 5 0 6 10 1 22 2 50 41 16 30 36 32 9 45 17 35 33 24 4 48 23 55 53 38 34 37 51 25 44 39 54 43 52 15 29 42 7 12 26 20 56 28 40 31 
41. Fitness: 5725241 Chromosome: 48 29 1 22 2 50 10 32 20 37 56 35 23 36 0 43 30 33 55 44 5 39 14 46 51 12 52 17 54 27 26 9 6 42 28 53 45 19 18 34 47 3 41 25 16 49 4 24 31 40 8 7 13 11 15 38 21 
42. Fitness: 5729342 Chromosome: 22 41 44 35 17 27 30 12 5 3 9 23 10 11 55 42 45 37 2 39 7 48 6 53 18 25 0 14 43 15 4 19 33 8 38 40 31 32 1 34 56 24 26 20 51 13 28 21 49 16 50 52 29 46 54 47 36 
43. Fitness: 5742443 Chromosome: 50 21 18 12 54 35 6 4 37 56 16 19 5 28 39 47 41 48 15 25 17 44 52 32 55 10 9 3 38 45 27 36 2 22 51 40 49 53 20 23 30 34 46 26 1 29 13 7 42 0 43 31 14 33 24 11 8 
44. Fitness: 5742844 Chromosome: 16 13 37 41 25 23 21 3 42 36 14 6 9 31 55 34 40 35 52 46 19 5 8 53 24 43 12 10 15 33 47 32 38 4 28 45 22 44 1 48 17 0 7 39 11 56 20 54 30 27 26 50 49 18 2 51 29 
45. Fitness: 5757945 Chromosome: 45 42 33 26 20 23 30 15 48 16 18 13 54 27 47 25 40 55 35 31 37 49 7 9 41 2 32 6 0 34 4 24 51 10 21 22 44 38 52 56 12 46 5 28 53 39 1 50 43 14 19 36 3 11 29 8 17 
46. Fitness: 5762946 Chromosome: 31 41 28 2 26 27 34 45 32 4 5 35 11 24 18 9 14 52 13 46 16 22 10 30 15 50 54 48 12 38 21 20 29 8 55 40 1 49 17 44 19 7 33 51 25 36 6 39 0 56 3 37 53 47 42 43 23 
47. Fitness: 5781047 Chromosome: 27 32 31 50 26 21 23 54 46 51 42 3 2 55 30 36 24 53 45 5 19 48 52 35 40 34 12 10 44 33 47 7 38 4 28 8 0 15 43 17 16 22 49 39 56 18 41 13 37 29 25 9 6 11 14 20 1 
48. Fitness: 5789348 Chromosome: 21 51 48 8 7 4 50 2 41 3 40 23 10 0 45 32 35 29 22 6 42 24 37 34 27 15 14 5 1 20 18 38 43 49 30 11 13 16 26 54 53 39 46 33 28 12 47 9 52 17 55 44 19 31 56 25 36 
49. Fitness: 5790149 Chromosome: 32 35 18 8 30 0 37 53 25 41 27 44 43 4 42 9 34 29 38 7 51 5 47 52 46 17 31 22 1 20 33 14 10 23 54 6 45 50 21 55 48 19 13 39 3 24 36 28 56 16 12 15 26 11 40 49 2 
50. Fitness: 5806150 Chromosome: 26 45 0 49 35 40 9 43 11 28 18 1 37 52 44 21 19 17 16 14 34 47 31 50 56 30 5 3 39 12 32 48 54 4 20 53 22 7 33 6 27 36 23 2 55 38 25 8 24 41 51 15 29 10 46 42 13 
51. Fitness: 5832151 Chromosome: 45 42 33 26 21 36 25 44 4 9 56 12 46 19 28 52 47 31 48 30 35 54 55 51 37 34 6 1 7 0 53 3 50 11 5 40 43 17 18 20 15 27 10 41 49 8 23 2 16 14 29 32 38 22 13 24 39 
52. Fitness: 5838952 Chromosome: 26 45 0 49 35 40 9 43 3 28 18 1 37 52 44 21 39 17 48 14 34 47 31 50 56 30 5 11 19 54 25 16 12 4 20 53 22 7 33 6 27 36 23 2 55 38 32 8 24 41 51 15 29 10 46 42 13 
53. Fitness: 5841653 Chromosome: 24 19 37 42 41 33 4 14 47 52 26 51 0 23 53 7 32 25 56 39 27 5 36 17 49 1 40 55 8 29 20 21 38 12 48 54 50 15 30 10 22 16 46 13 44 18 6 31 3 34 11 9 35 28 45 43 2 
54. Fitness: 5870054 Chromosome: 45 35 33 9 20 1 10 22 41 43 37 44 5 25 38 29 34 26 15 12 16 56 2 23 8 53 6 7 18 30 0 51 11 42 49 47 4 50 21 55 48 19 13 39 3 24 36 28 31 14 46 32 54 40 27 52 17 
55. Fitness: 5888055 Chromosome: 30 27 45 54 33 6 18 20 9 29 2 47 32 23 24 21 16 36 49 55 40 53 0 3 56 17 26 43 39 22 44 38 35 48 42 7 10 8 37 46 41 50 11 34 52 15 12 5 19 1 13 28 14 25 4 51 31 
56. Fitness: 5895256 Chromosome: 32 35 18 28 6 19 37 53 25 41 27 44 43 4 39 9 34 29 38 55 51 48 47 52 46 17 31 22 56 20 33 15 10 13 54 30 5 7 40 12 16 21 1 11 42 23 0 8 24 45 50 14 26 3 36 49 2 
57. Fitness: 5904257 Chromosome: 30 14 54 48 31 9 52 21 40 42 36 23 34 27 55 1 24 53 45 5 19 2 6 46 3 50 12 10 44 33 47 7 38 4 28 8 0 15 43 17 16 22 49 39 56 18 41 13 37 29 51 26 11 25 35 20 32 
58. Fitness: 5906558 Chromosome: 3 48 6 35 38 16 4 0 22 52 9 47 21 11 55 56 20 14 28 13 17 19 33 31 15 7 36 32 50 41 53 37 8 10 43 30 51 5 54 12 39 34 46 26 1 29 23 24 25 40 18 42 44 27 45 49 2 
59. Fitness: 5914359 Chromosome: 15 35 10 44 21 45 25 52 31 43 1 13 24 0 42 17 47 29 9 26 38 30 49 40 37 16 56 11 39 12 32 48 54 4 20 53 22 7 33 6 27 36 23 2 55 5 46 8 18 19 50 41 14 34 51 3 28 
60. Fitness: 5923160 Chromosome: 18 53 14 38 39 56 44 47 10 50 2 22 1 29 48 43 30 15 11 28 7 8 40 19 24 4 49 16 9 41 3 32 37 0 31 42 21 13 5 34 25 26 27 54 17 52 51 6 35 55 12 36 20 23 45 46 33 
61. Fitness: 5924361 Chromosome: 0 26 2 22 20 48 21 46 9 16 39 34 45 51 53 30 19 14 41 10 36 29 47 7 42 3 55 31 35 33 24 4 28 25 43 50 56 32 13 23 38 15 49 40 27 37 11 1 6 54 52 12 44 8 18 17 5 
62. Fitness: 5936462 Chromosome: 14 2 44 37 11 51 53 4 24 33 35 31 43 0 42 7 32 25 56 39 27 5 36 19 45 23 28 26 6 9 52 13 46 16 22 10 30 15 50 54 48 12 38 21 20 29 8 55 40 1 49 17 18 34 47 3 41 
63. Fitness: 5953163 Chromosome: 48 29 1 22 2 50 10 47 20 25 56 35 23 36 18 43 27 15 11 28 7 8 40 19 24 4 49 34 9 41 3 32 6 0 31 42 21 13 39 16 37 46 30 54 17 52 12 51 26 14 45 5 44 55 33 38 53 
64. Fitness: 5957464 Chromosome: 47 51 8 55 27 18 14 32 17 43 35 42 9 31 5 34 12 29 33 41 52 3 4 23 20 53 26 39 50 0 2 6 46 49 19 54 25 16 40 37 36 22 11 30 38 13 15 56 48 28 44 7 45 1 24 21 10 
65. Fitness: 5986665 Chromosome: 51 38 10 17 23 19 35 56 16 13 11 30 28 0 46 26 55 54 39 7 15 27 34 37 24 42 6 22 29 12 33 5 31 9 52 4 20 25 53 44 36 41 8 2 3 1 21 47 40 45 50 14 18 32 48 49 43 
66. Fitness: 5996066 Chromosome: 16 13 37 39 56 17 15 36 5 33 21 32 43 49 55 1 30 53 46 42 7 26 0 3 54 6 34 8 10 29 28 20 40 2 31 51 25 19 41 47 52 45 23 27 14 9 35 24 18 12 44 50 38 11 4 22 48 
67. Fitness: 6000067 Chromosome: 35 56 21 32 24 54 51 12 16 22 48 5 10 11 42 7 47 29 9 26 30 27 40 41 8 33 19 13 37 34 49 52 14 23 3 25 45 18 53 44 38 1 46 43 15 31 55 28 6 20 4 36 50 2 17 0 39 
68. Fitness: 6007168 Chromosome: 2 35 33 15 21 45 12 50 5 6 48 10 24 0 55 7 47 29 39 38 44 13 37 34 49 52 26 23 3 25 54 19 11 22 36 17 40 16 30 14 8 1 46 43 9 31 42 28 18 32 20 41 27 56 51 53 4 
69. Fitness: 6013969 Chromosome: 29 16 13 12 5 55 11 10 7 15 20 24 0 38 48 37 17 54 51 50 14 6 2 40 19 33 44 23 56 47 26 42 39 25 52 49 34 8 43 30 18 22 21 1 35 9 45 41 46 53 4 27 3 32 28 36 31 
70. Fitness: 6026670 Chromosome: 21 25 48 24 14 6 18 15 20 3 40 23 28 5 46 12 56 9 4 22 19 54 10 11 35 44 34 8 50 41 55 27 38 2 36 0 13 16 30 31 42 49 1 17 52 29 47 32 37 33 45 39 26 43 51 53 7 
71. Fitness: 6027671 Chromosome: 30 27 45 54 33 34 3 7 42 29 2 47 32 23 55 49 36 16 21 24 40 53 0 18 56 17 26 43 39 22 44 38 35 48 9 20 10 8 37 46 41 50 11 6 52 15 12 5 19 1 13 28 14 25 4 51 31 
72. Fitness: 6032672 Chromosome: 51 36 10 13 46 31 44 25 34 4 40 35 49 17 18 9 14 55 2 19 15 27 6 33 56 22 53 20 28 54 48 41 47 39 3 30 5 7 52 12 16 0 23 42 11 1 21 8 24 45 50 38 29 32 26 37 43 
73. Fitness: 6036373 Chromosome: 0 8 28 4 38 7 47 33 44 10 12 34 40 36 37 25 22 18 1 54 9 23 42 27 35 31 24 55 14 20 19 16 50 5 2 29 39 15 43 17 46 51 32 41 11 56 48 45 6 52 21 49 26 13 53 30 3 
74. Fitness: 6045174 Chromosome: 51 35 55 13 46 31 44 9 38 28 18 36 3 56 16 26 53 10 14 45 21 8 15 19 24 4 34 20 22 54 48 41 47 39 37 30 5 7 40 12 17 0 23 42 11 1 6 27 52 33 50 2 29 32 25 49 43 
75. Fitness: 6055975 Chromosome: 45 30 8 39 42 26 47 56 23 2 33 22 38 24 36 29 31 9 4 44 35 54 25 34 32 13 6 1 7 0 53 3 50 11 5 40 43 17 18 28 19 48 52 12 55 37 21 14 51 49 41 10 27 15 20 46 16 
76. Fitness: 6056076 Chromosome: 10 38 37 1 26 25 45 54 22 13 2 17 19 30 7 34 4 23 20 28 41 15 6 48 50 3 36 16 47 40 32 53 5 0 43 44 18 39 24 33 35 31 46 14 42 12 21 8 52 51 11 9 56 29 55 49 27 
77. Fitness: 6060977 Chromosome: 31 41 28 2 48 27 10 45 32 38 8 35 49 17 18 9 14 25 51 33 12 11 40 19 24 4 5 22 44 43 55 36 42 7 26 0 20 54 6 34 37 46 30 16 1 21 13 39 15 56 3 50 53 47 52 29 23 
78. Fitness: 6064878 Chromosome: 27 4 26 2 36 22 35 48 51 44 40 24 21 11 55 5 20 18 29 15 30 19 33 14 10 54 56 47 50 41 3 32 6 0 31 45 53 28 42 34 9 13 23 38 1 49 17 52 7 12 39 43 25 8 37 46 16 
79. Fitness: 6069579 Chromosome: 2 51 22 52 44 6 43 11 31 49 28 7 3 42 45 14 23 4 32 30 24 27 36 33 19 8 41 53 18 9 25 10 48 26 54 5 12 37 13 20 38 29 50 17 56 47 15 46 34 39 35 1 0 55 21 16 40 
80. Fitness: 6070580 Chromosome: 14 29 18 12 23 35 56 52 20 51 10 50 2 22 1 43 30 15 11 28 7 8 40 19 24 4 49 34 9 46 3 32 6 0 31 42 21 13 44 16 25 26 27 5 17 37 36 47 41 48 39 54 45 55 33 38 53 
81. Fitness: 6076081 Chromosome: 47 49 38 56 24 17 16 9 7 10 11 55 5 20 50 43 51 39 54 8 27 15 46 40 19 30 41 53 18 45 25 3 48 26 52 32 0 23 36 2 33 12 35 13 28 29 1 6 22 21 34 4 37 42 14 31 44 
82. Fitness: 6099782 Chromosome: 50 54 19 39 8 22 40 33 36 27 9 30 52 44 6 43 11 31 49 28 7 3 0 45 14 5 4 53 55 34 20 12 51 35 25 1 41 37 13 23 38 29 42 17 56 47 24 26 16 32 18 15 46 21 48 2 10 
83. Fitness: 6099983 Chromosome: 0 2 44 37 48 27 10 45 32 4 40 11 24 8 19 12 33 51 25 14 9 18 17 49 35 38 5 22 36 29 20 21 1 56 43 54 50 15 30 53 55 16 46 13 52 7 6 26 28 23 39 31 42 34 47 3 41 
84. Fitness: 6100484 Chromosome: 47 17 25 1 44 29 49 2 42 36 43 31 37 6 24 27 45 9 33 34 15 32 50 53 10 40 38 8 23 19 35 56 16 13 11 30 28 0 46 26 55 54 39 7 21 20 22 4 3 52 41 18 5 51 12 14 48 
85. Fitness: 6123785 Chromosome: 10 38 8 20 26 19 45 51 22 12 42 14 11 4 17 33 24 39 18 44 43 0 5 53 32 40 47 16 36 3 41 15 23 48 50 21 34 6 31 30 28 1 25 13 9 52 7 37 35 54 46 2 56 29 55 49 27 
86. Fitness: 6136586 Chromosome: 53 14 35 50 17 31 44 12 5 3 9 56 10 47 32 29 15 49 43 28 51 13 20 26 37 34 38 27 55 41 52 6 2 22 19 39 16 36 40 0 30 18 23 42 11 1 21 8 24 45 4 54 48 25 46 33 7 
87. Fitness: 6150287 Chromosome: 14 2 17 37 11 51 53 4 24 33 35 31 40 54 8 19 38 28 36 10 22 50 18 44 43 0 5 55 42 29 20 21 32 12 48 1 49 15 30 39 27 16 46 13 52 9 6 26 25 23 45 7 56 34 47 3 41 
88. Fitness: 6152188 Chromosome: 31 36 28 2 55 24 10 45 32 44 8 35 49 17 18 9 14 25 51 19 15 27 6 33 56 22 53 20 4 54 48 41 47 39 3 30 5 7 40 12 16 0 23 42 11 1 13 43 34 21 26 50 38 37 52 29 46 
89. Fitness: 6199189 Chromosome: 22 49 54 25 27 26 38 45 1 37 42 14 46 31 35 33 24 39 18 44 43 0 5 53 32 40 47 16 36 3 50 48 6 15 41 28 20 23 4 34 7 30 19 17 2 13 21 8 52 51 11 9 56 29 12 10 55 
90. Fitness: 6209590 Chromosome: 2 10 7 37 11 8 48 15 23 20 26 44 5 6 35 54 27 45 38 3 28 32 16 31 18 36 39 0 46 53 12 40 19 22 30 9 41 29 43 14 51 49 42 17 56 47 24 52 34 55 50 1 25 13 21 4 33 
91. Fitness: 6226691 Chromosome: 9 42 36 28 3 19 49 34 46 35 27 48 5 0 6 10 45 22 2 44 33 16 39 52 56 41 29 17 47 26 24 4 20 23 55 53 38 43 37 51 25 30 14 40 31 13 21 8 32 15 11 18 50 1 12 7 54 
92. Fitness: 6249892 Chromosome: 16 6 37 1 26 25 45 54 22 50 42 14 46 31 53 3 24 39 18 36 43 20 52 35 40 34 12 10 44 33 47 7 38 4 28 8 0 23 15 32 48 30 19 17 2 13 21 41 5 51 11 9 56 29 55 49 27 
93. Fitness: 6270393 Chromosome: 55 24 2 19 41 51 33 45 32 39 29 43 46 4 42 20 50 49 30 10 47 16 0 35 40 5 9 17 54 23 26 25 44 7 36 27 14 12 18 38 21 11 53 56 22 8 48 1 6 28 52 34 15 13 37 31 3 
94. Fitness: 6276294 Chromosome: 2 6 14 32 16 31 22 9 42 29 38 23 13 37 12 49 52 56 48 3 25 45 18 24 41 30 19 40 46 15 27 36 54 39 51 43 50 20 5 55 11 10 7 17 26 1 53 8 34 44 35 47 0 28 21 4 33 
95. Fitness: 6288495 Chromosome: 55 24 2 47 41 51 33 10 20 50 49 30 42 27 46 43 29 39 32 6 19 26 0 28 36 5 9 17 54 23 16 25 44 7 40 4 14 12 18 38 21 11 53 56 22 8 48 1 45 35 52 34 15 13 37 31 3 
96. Fitness: 6294096 Chromosome: 56 7 22 49 55 48 33 21 42 46 4 37 5 50 3 11 30 16 39 0 43 44 54 6 26 32 34 8 10 29 28 20 40 2 31 51 25 19 41 47 52 45 23 27 14 9 35 24 18 12 15 36 13 1 17 53 38 
97. Fitness: 6414397 Chromosome: 42 5 53 20 33 32 41 36 51 48 29 38 3 44 52 37 1 18 28 11 43 9 40 35 49 13 26 39 50 0 2 24 46 16 25 17 8 54 23 27 6 55 21 30 15 7 14 34 47 31 4 56 19 10 22 45 12 
98. Fitness: 6422798 Chromosome: 9 5 36 28 0 16 47 10 30 49 50 20 42 51 46 43 29 39 32 2 19 26 31 44 14 27 55 23 25 4 24 33 3 17 45 41 40 12 18 38 21 11 53 56 22 8 48 1 6 35 52 34 15 13 37 7 54 
99. Fitness: 6711799 Chromosome: 22 6 14 32 50 8 34 26 19 55 20 23 41 39 7 36 2 48 11 31 1 15 53 40 51 30 5 46 18 45 25 3 9 43 52 49 12 37 13 27 38 29 42 17 56 47 24 10 54 44 35 16 0 28 21 4 33 
