Recombination Probability: 90
Mutation Probability: 70
Population Size: 100
Maximum Number Of Generations: 10000
Crossover Operator: PMX Crossover
Mutation Operator: Inversion Mutation
0. Fitness: 486220 Chromosome: 51 43 54 29 27 22 52 15 17 6 2 18 55 45 8 12 10 34 20 49 7 42 5 53 37 14 21 33 31 4 44 11 9 19 41 0 35 23 39 48 47 16 40 30 26 25 1 50 13 32 38 24 56 36 3 28 46 
1. Fitness: 509181 Chromosome: 14 17 4 3 30 12 33 27 9 42 5 35 24 37 21 2 51 50 43 46 45 25 34 44 41 16 11 26 6 10 19 47 28 40 36 29 7 56 0 55 23 39 32 15 13 31 52 8 38 18 53 54 22 49 48 1 20 
2. Fitness: 519532 Chromosome: 48 19 38 7 34 17 56 49 16 37 47 43 55 31 32 41 10 20 15 12 14 51 26 13 33 3 35 42 24 22 30 44 27 29 54 6 5 2 23 11 8 45 46 53 18 0 52 1 9 25 4 39 28 36 50 40 21 
3. Fitness: 526023 Chromosome: 39 38 27 0 11 18 36 28 13 22 19 9 2 54 41 55 35 4 7 45 44 31 16 24 14 12 33 15 43 5 29 49 53 30 40 46 47 10 1 34 17 23 6 32 48 37 8 21 26 50 52 56 3 20 51 42 25 
4. Fitness: 535994 Chromosome: 36 10 21 18 31 23 7 41 32 29 47 38 11 43 37 19 17 9 22 40 20 3 53 56 14 26 51 16 0 30 50 54 12 6 5 8 49 35 52 4 48 28 34 44 2 33 24 39 42 13 45 1 25 55 27 15 46 
5. Fitness: 536095 Chromosome: 10 36 15 32 37 45 6 53 29 23 47 48 14 28 42 46 50 2 34 1 3 38 5 24 31 40 26 16 20 41 33 19 21 12 22 54 7 35 44 8 9 0 51 11 52 13 43 27 17 18 39 25 4 56 49 30 55 
6. Fitness: 536236 Chromosome: 15 33 29 10 9 14 21 0 19 13 22 12 17 18 16 3 40 6 55 45 50 46 43 23 39 25 5 38 54 30 31 44 37 53 56 36 51 35 52 24 48 28 34 26 2 20 4 7 42 32 49 47 27 1 11 41 8 
7. Fitness: 536317 Chromosome: 26 31 37 50 55 51 32 0 56 18 6 43 36 39 8 28 42 53 47 45 48 44 3 24 52 23 12 7 20 27 14 33 34 41 15 13 2 11 35 25 1 49 4 22 46 21 9 16 40 19 38 5 30 29 17 10 54 
8. Fitness: 536838 Chromosome: 42 50 18 32 37 9 8 38 22 25 17 34 45 2 12 47 19 33 27 52 31 14 56 36 28 13 21 51 6 35 7 54 30 1 39 41 29 55 44 48 4 40 43 16 20 0 15 10 26 53 24 5 11 3 49 23 46 
9. Fitness: 536999 Chromosome: 10 0 46 42 7 4 20 2 1 13 28 48 24 12 35 26 52 32 53 37 44 31 30 54 34 5 25 18 16 3 40 6 55 45 50 51 43 23 15 56 39 11 8 33 14 22 9 17 19 36 38 27 47 41 21 29 49 
10. Fitness: 5423310 Chromosome: 40 53 43 35 48 46 1 10 37 13 29 32 47 56 39 12 33 42 21 27 30 22 11 45 0 9 28 34 18 8 15 31 44 17 41 7 19 14 4 5 24 26 55 16 6 54 50 20 3 23 51 25 49 38 52 2 36 
11. Fitness: 5425911 Chromosome: 46 33 10 7 42 52 53 51 55 50 37 6 16 11 28 39 44 14 49 29 34 45 8 12 54 17 20 2 25 9 22 36 4 19 15 0 35 23 41 48 47 3 40 30 26 43 1 21 13 32 24 18 27 31 5 38 56 
12. Fitness: 5434412 Chromosome: 41 15 25 13 4 22 33 36 42 23 6 16 26 40 12 24 5 38 17 49 30 48 27 43 3 37 50 55 21 32 34 56 28 19 29 54 7 35 44 31 9 20 51 11 52 39 45 47 14 46 8 10 53 2 1 18 0 
13. Fitness: 5454613 Chromosome: 50 14 41 11 33 51 52 10 16 26 22 15 42 39 23 4 7 45 18 0 5 21 43 32 6 8 17 1 19 47 28 40 34 24 44 56 20 30 9 2 12 55 36 35 27 31 3 46 38 13 53 54 29 49 48 37 25 
14. Fitness: 5466914 Chromosome: 46 56 34 10 32 31 0 43 2 20 7 19 17 49 15 40 21 25 16 12 14 51 26 13 33 3 35 42 24 22 30 44 27 29 54 6 5 41 23 11 8 45 55 53 18 37 52 1 9 47 4 50 48 36 28 39 38 
15. Fitness: 5502115 Chromosome: 35 26 37 55 25 14 11 31 13 8 3 51 34 15 10 28 42 53 45 1 48 2 5 40 7 4 20 43 33 22 0 12 16 23 29 46 54 30 27 41 39 56 44 6 9 17 32 19 36 50 38 52 47 24 21 18 49 
16. Fitness: 5516716 Chromosome: 3 52 47 12 35 55 54 9 20 39 24 27 34 18 43 0 11 23 21 36 38 32 37 25 50 4 48 40 5 22 14 31 56 41 33 19 17 8 16 46 30 15 10 26 49 13 29 44 51 7 2 6 1 45 53 42 28 
17. Fitness: 5526617 Chromosome: 48 17 16 22 19 49 6 44 8 39 24 15 29 28 42 47 12 23 26 46 27 0 3 9 13 38 21 54 20 51 30 31 35 43 14 41 32 40 4 37 18 53 55 45 1 34 11 7 56 52 2 5 25 33 50 10 36 
18. Fitness: 5539718 Chromosome: 19 14 23 1 27 22 45 47 39 21 12 36 15 26 54 5 9 8 41 53 20 2 52 24 4 31 35 25 38 32 11 51 28 42 3 43 7 48 30 49 17 34 56 50 55 44 46 10 16 29 33 37 40 18 0 13 6 
19. Fitness: 5539919 Chromosome: 9 45 13 18 2 41 26 17 38 6 8 5 36 52 15 4 19 12 35 53 21 1 0 27 20 31 14 24 47 25 49 50 37 3 43 7 48 30 55 54 32 34 56 28 51 44 46 10 16 29 33 42 40 39 11 23 22 
20. Fitness: 5550420 Chromosome: 44 36 29 41 54 45 25 37 51 3 2 20 16 52 35 28 40 42 21 27 30 22 31 17 4 43 26 6 48 19 56 46 15 8 1 38 18 12 13 7 49 47 9 23 39 33 50 0 53 32 34 5 11 10 14 24 55 
21. Fitness: 5553721 Chromosome: 41 21 39 10 35 25 46 54 37 8 2 23 20 50 9 16 40 0 6 49 47 26 5 18 36 7 56 30 55 34 3 32 13 28 22 31 53 48 38 29 11 44 27 14 17 51 24 15 43 33 42 45 1 19 4 12 52 
22. Fitness: 5554622 Chromosome: 6 47 39 36 13 22 52 4 3 51 14 20 53 43 34 45 42 27 15 55 24 50 31 35 25 49 7 38 26 29 41 17 28 46 21 9 16 40 19 37 5 30 44 56 10 54 8 23 33 2 0 18 48 11 1 32 12 
23. Fitness: 5570723 Chromosome: 38 3 5 52 32 51 6 40 17 49 22 13 36 39 8 28 42 53 47 45 48 54 24 44 30 16 56 34 19 37 1 25 15 11 10 18 46 26 29 31 9 20 21 27 41 33 12 4 55 0 50 23 14 43 7 35 2 
24. Fitness: 5571124 Chromosome: 11 3 29 1 55 51 32 31 56 6 12 8 7 35 28 22 15 2 4 50 25 37 17 46 54 48 27 0 33 16 26 18 23 13 53 21 39 42 45 24 19 9 10 38 14 52 30 5 41 43 49 20 34 40 36 44 47 
25. Fitness: 5571125 Chromosome: 51 43 54 29 3 6 24 41 44 14 49 33 38 45 8 12 36 55 20 2 7 42 52 13 37 22 25 18 31 4 17 56 9 19 15 50 35 23 39 48 47 16 1 30 26 21 40 0 53 32 34 5 11 10 27 28 46 
26. Fitness: 5615226 Chromosome: 27 28 41 10 35 14 21 0 42 13 24 12 20 39 23 43 51 50 45 55 6 40 3 16 18 25 5 34 54 30 31 44 37 8 22 19 2 49 4 26 7 17 48 47 38 15 9 36 53 32 52 33 11 1 46 56 29 
27. Fitness: 5622127 Chromosome: 3 52 47 12 35 55 54 43 18 48 22 49 51 20 8 30 56 39 15 4 13 32 10 25 50 36 23 6 0 7 44 42 53 45 1 34 2 27 33 5 24 14 31 11 37 19 40 16 9 21 46 28 17 41 29 26 38 
28. Fitness: 5622628 Chromosome: 43 19 28 55 52 18 6 36 7 45 16 27 4 22 30 8 33 51 56 49 17 38 25 24 44 37 23 1 40 21 26 9 2 31 35 39 20 15 54 12 13 48 34 47 11 50 14 32 53 42 0 5 29 10 46 41 3 
29. Fitness: 5629329 Chromosome: 50 2 47 34 1 53 46 33 31 3 7 12 19 55 28 45 39 20 32 24 51 54 29 27 44 16 22 41 10 25 17 8 26 52 40 56 15 36 49 48 18 6 23 30 13 4 43 0 11 9 21 37 14 38 35 42 5 
30. Fitness: 5630230 Chromosome: 10 45 13 18 48 41 11 51 28 42 12 54 1 34 2 43 40 47 24 14 31 20 27 33 7 21 53 32 3 19 37 15 44 36 5 8 46 38 17 26 50 30 0 16 22 52 6 9 35 29 56 4 25 39 49 23 55 
31. Fitness: 5649531 Chromosome: 56 13 54 34 20 49 8 41 5 30 52 14 38 10 9 44 47 26 16 33 3 39 31 29 42 45 21 36 43 53 18 11 0 55 32 12 24 7 35 28 22 15 2 4 50 25 37 17 46 6 19 48 23 1 40 27 51 
32. Fitness: 5650232 Chromosome: 31 46 54 3 20 35 8 41 5 15 52 37 19 10 50 22 43 9 47 27 34 23 56 44 13 36 14 28 51 33 40 1 2 6 24 29 42 45 21 7 16 53 18 11 0 55 4 25 38 17 49 30 48 12 39 26 32 
33. Fitness: 5656433 Chromosome: 56 13 28 34 33 49 8 41 5 30 52 17 38 10 9 44 47 26 16 20 31 14 24 54 53 35 29 7 1 46 21 27 18 6 39 25 3 12 32 55 0 11 22 4 43 36 2 45 42 37 19 48 23 50 40 15 51 
34. Fitness: 5661334 Chromosome: 45 56 6 10 50 51 43 23 20 39 21 29 13 48 42 1 11 33 41 2 12 17 52 16 18 25 9 34 54 30 31 22 28 53 32 3 19 37 15 44 36 5 8 46 38 14 35 4 7 26 47 0 49 24 40 27 55 
35. Fitness: 5669135 Chromosome: 17 10 40 46 49 3 18 48 31 41 27 23 12 0 56 19 6 43 8 44 34 47 28 15 42 21 36 20 26 52 38 14 51 1 53 37 13 29 32 22 33 9 2 54 11 55 35 4 7 45 39 5 16 24 25 30 50 
36. Fitness: 5676636 Chromosome: 10 1 27 32 29 9 8 38 18 40 20 34 5 21 12 44 47 26 16 33 3 39 31 6 46 17 37 25 50 4 2 15 22 28 35 7 24 0 41 48 45 19 51 11 52 13 30 42 14 54 56 53 36 43 49 23 55 
37. Fitness: 5681637 Chromosome: 26 21 14 51 18 50 22 43 33 8 3 39 44 15 30 54 1 9 23 16 12 0 11 13 31 25 36 55 45 5 2 48 47 40 53 42 28 10 27 41 52 56 49 6 34 17 19 32 4 29 35 46 38 37 20 24 7 
38. Fitness: 5682638 Chromosome: 42 23 45 26 27 22 52 30 5 37 19 40 16 9 21 46 28 17 41 38 1 7 29 35 25 49 31 50 24 51 14 20 53 43 11 4 55 18 2 13 39 15 44 56 10 54 8 33 47 3 12 34 6 36 0 32 48 
39. Fitness: 5688139 Chromosome: 35 46 23 43 50 31 42 28 41 15 13 17 8 11 47 33 37 32 9 7 21 55 34 44 26 38 54 53 45 3 20 27 25 19 48 22 10 39 40 18 24 36 0 51 6 30 12 4 56 52 2 5 1 49 14 16 29 
40. Fitness: 5689840 Chromosome: 40 6 55 45 50 51 43 23 20 39 21 29 13 48 42 1 11 33 41 2 12 17 52 16 18 25 9 34 14 36 31 22 28 53 32 3 19 8 15 37 5 30 44 56 10 54 35 4 7 26 47 0 49 24 46 27 38 
41. Fitness: 5690441 Chromosome: 51 38 23 21 7 5 2 52 0 6 40 37 19 17 50 56 9 31 14 41 46 13 54 24 8 30 16 20 34 28 33 1 42 15 3 10 18 45 36 29 39 27 4 49 48 22 12 44 47 25 11 26 55 35 53 32 43 
42. Fitness: 5696042 Chromosome: 14 40 44 50 55 51 32 0 25 5 6 43 26 39 7 19 3 53 49 46 13 54 24 8 30 16 56 34 28 37 1 42 15 11 10 18 45 36 29 31 9 20 21 27 47 33 12 4 38 2 52 17 35 41 48 23 22 
43. Fitness: 5700743 Chromosome: 12 37 28 34 52 17 19 43 2 3 41 51 1 39 54 29 55 38 42 25 6 4 48 35 50 14 27 9 32 33 23 13 30 36 8 45 47 49 31 22 18 40 44 16 20 0 15 10 26 53 24 5 11 21 46 56 7 
44. Fitness: 5710244 Chromosome: 15 18 2 53 40 4 13 26 33 29 12 34 32 54 55 50 37 3 43 7 42 17 23 1 44 36 25 35 24 48 22 16 0 30 11 46 8 52 51 20 14 21 38 19 39 41 47 45 10 31 56 28 5 9 6 27 49 
45. Fitness: 5732445 Chromosome: 40 6 55 45 50 51 43 23 20 39 21 29 13 48 42 1 11 33 41 8 12 14 3 16 18 25 5 34 54 30 31 44 37 53 32 52 26 28 36 22 19 9 2 46 38 17 15 4 7 35 47 0 49 24 56 27 10 
46. Fitness: 5743846 Chromosome: 36 42 22 16 26 53 6 4 12 1 14 13 5 9 29 11 33 51 56 32 54 35 8 28 19 21 2 15 10 0 20 23 50 39 55 25 38 17 49 18 24 37 52 3 43 7 48 30 27 47 45 44 41 31 46 34 40 
47. Fitness: 5752547 Chromosome: 10 23 53 29 56 11 34 26 6 1 19 47 28 40 5 24 7 50 38 33 20 30 3 51 37 17 32 43 21 42 0 18 45 12 4 35 55 41 54 2 9 39 22 36 27 8 52 46 49 48 44 31 16 15 25 13 14 
48. Fitness: 5756048 Chromosome: 19 37 14 46 23 13 28 34 18 6 17 56 31 42 2 12 25 29 47 49 8 39 36 9 38 33 27 1 20 16 43 40 4 48 44 35 7 54 51 52 30 50 22 45 3 0 15 10 26 53 24 5 11 21 41 32 55 
49. Fitness: 5780749 Chromosome: 33 41 38 20 9 52 51 7 0 32 55 26 11 39 17 6 49 48 22 40 44 19 25 29 36 45 18 10 3 15 42 1 37 28 34 56 16 30 8 24 54 13 46 47 27 4 23 12 50 53 43 21 2 35 5 14 31 
50. Fitness: 5790950 Chromosome: 53 6 39 38 52 17 1 4 36 49 29 32 43 42 48 40 56 46 14 19 24 44 8 45 0 9 28 34 18 11 15 31 10 13 41 7 27 21 37 5 30 47 55 16 33 54 50 20 3 23 51 25 2 22 26 12 35 
51. Fitness: 5799451 Chromosome: 8 40 56 12 53 48 14 44 9 49 39 43 24 4 10 19 21 18 27 51 29 1 52 17 13 25 15 34 46 42 31 26 3 20 38 7 0 6 37 5 30 47 55 16 33 54 50 41 28 32 11 2 35 23 36 22 45 
52. Fitness: 5809752 Chromosome: 12 53 32 35 6 48 14 44 9 47 39 43 24 4 10 19 21 18 27 5 29 1 52 16 13 25 15 34 54 42 28 31 11 0 41 7 8 56 37 40 30 17 55 45 33 46 50 20 3 23 51 26 49 38 22 2 36 
53. Fitness: 5830353 Chromosome: 23 17 4 37 13 31 2 9 52 12 43 14 24 5 11 7 49 33 22 41 42 25 38 28 46 29 16 6 44 56 3 47 39 18 30 0 35 45 19 34 26 36 1 27 51 21 15 8 10 50 53 54 40 55 48 32 20 
54. Fitness: 5832154 Chromosome: 11 46 37 50 55 51 32 0 56 18 6 43 36 8 28 39 44 14 49 29 48 42 35 7 54 45 12 21 19 33 5 24 53 31 20 41 40 26 2 34 1 3 47 52 15 30 25 9 38 16 27 17 10 4 13 23 22 
55. Fitness: 5849555 Chromosome: 26 31 38 29 27 48 3 15 17 6 49 33 34 45 8 12 10 55 20 2 7 42 52 53 37 22 21 18 43 36 4 28 50 41 0 13 47 11 35 24 1 14 39 51 46 23 9 16 40 19 32 5 30 44 56 25 54 
56. Fitness: 5853756 Chromosome: 45 47 43 49 40 12 33 27 54 51 46 26 31 7 53 6 48 56 16 17 11 44 25 24 38 41 23 30 19 10 15 2 21 0 28 8 35 18 34 50 3 4 55 29 5 39 14 20 42 36 9 1 13 32 22 52 37 
57. Fitness: 5865457 Chromosome: 23 34 8 29 6 17 46 15 25 48 47 38 11 12 54 50 30 0 16 51 26 14 56 53 3 20 40 43 32 5 19 18 13 49 1 52 42 33 36 41 27 2 9 10 22 55 35 4 7 45 44 31 28 24 37 39 21 
58. Fitness: 5881858 Chromosome: 55 53 25 3 51 44 29 36 14 52 45 2 24 37 35 28 40 42 21 27 30 22 11 17 4 43 26 6 48 5 56 46 15 8 1 38 32 12 13 7 0 47 9 23 10 33 50 49 41 18 31 19 34 39 54 20 16 
59. Fitness: 5883659 Chromosome: 47 2 52 35 48 9 34 46 24 3 29 22 55 36 5 8 54 45 56 28 38 32 37 25 50 4 39 51 44 27 13 49 26 10 15 0 20 16 43 17 19 33 41 11 30 53 40 6 12 42 14 21 1 18 23 31 7 
60. Fitness: 5885460 Chromosome: 4 33 29 10 35 14 9 0 42 13 24 12 20 39 23 2 51 50 45 55 38 40 3 16 18 25 5 34 54 30 31 44 37 53 32 52 26 28 36 22 7 17 43 47 6 21 15 41 48 56 49 46 27 1 11 19 8 
61. Fitness: 5887661 Chromosome: 19 14 23 1 36 38 28 47 39 21 9 27 31 42 26 10 15 0 20 16 43 17 7 35 44 49 45 54 22 55 56 4 29 13 25 34 12 11 37 6 32 8 2 24 51 30 46 5 53 48 33 50 40 18 3 52 41 
62. Fitness: 5912262 Chromosome: 17 30 9 51 55 7 54 48 31 41 27 53 40 0 10 50 2 43 8 44 34 47 12 39 56 11 32 29 13 37 42 52 38 6 23 1 26 28 36 22 19 35 24 21 5 45 20 16 3 18 15 25 4 46 14 49 33 
63. Fitness: 5941063 Chromosome: 29 16 42 41 32 38 34 28 30 3 53 17 8 11 54 33 45 0 20 7 25 55 23 56 1 31 47 6 40 10 9 12 39 19 48 22 37 49 43 18 24 36 13 51 26 15 27 4 44 52 2 5 21 46 35 50 14 
64. Fitness: 5948664 Chromosome: 8 42 56 37 16 13 1 44 9 19 39 34 24 4 26 7 33 10 15 40 30 14 47 53 3 20 51 43 21 5 0 18 48 49 46 52 31 6 12 27 41 25 45 17 32 38 35 29 28 54 11 2 50 23 36 22 55 
65. Fitness: 5951265 Chromosome: 48 37 14 46 23 13 28 34 18 6 26 56 31 15 35 12 25 29 47 49 53 39 5 9 38 20 2 17 41 51 24 16 50 44 45 7 1 27 43 19 3 4 22 30 0 21 42 40 11 8 52 36 33 10 54 32 55 
66. Fitness: 5962066 Chromosome: 36 24 22 16 26 44 47 56 42 18 53 31 50 2 11 33 28 30 35 46 32 17 45 49 41 51 12 6 0 7 38 20 34 52 54 55 10 37 3 43 19 48 39 27 21 4 25 23 8 9 29 15 5 13 14 1 40 
67. Fitness: 5980167 Chromosome: 32 23 45 53 13 31 33 27 9 21 43 14 24 5 11 7 49 2 22 41 42 25 38 28 46 29 52 50 1 34 8 37 55 6 40 26 30 3 0 19 18 10 56 17 54 48 35 20 51 47 4 39 12 36 15 44 16 
68. Fitness: 5984768 Chromosome: 17 29 33 44 55 7 54 34 31 41 27 46 12 15 8 19 53 43 56 51 48 49 6 0 40 16 9 50 20 23 3 32 13 28 22 10 5 42 26 2 30 1 24 11 35 47 14 37 4 25 39 38 52 21 18 45 36 
69. Fitness: 5985969 Chromosome: 51 21 19 14 15 17 22 49 10 39 47 36 30 28 42 53 45 1 26 46 5 40 11 43 48 41 38 13 34 12 29 32 54 55 18 37 16 31 0 8 23 4 9 24 35 20 3 7 56 52 2 27 25 33 50 6 44 
70. Fitness: 6001570 Chromosome: 52 41 27 36 53 22 7 4 33 55 8 12 19 17 18 45 24 26 15 51 46 47 29 40 9 6 30 2 50 1 25 44 34 32 56 16 10 54 48 11 3 43 28 31 13 23 49 35 20 39 21 37 14 38 0 5 42 
71. Fitness: 6006271 Chromosome: 27 10 48 4 8 5 36 44 15 37 19 3 32 13 28 22 31 42 54 34 12 25 20 16 52 55 24 7 1 35 45 33 40 11 18 2 21 14 43 9 29 39 0 46 38 17 26 47 23 41 6 49 50 53 51 30 56 
72. Fitness: 6008572 Chromosome: 11 46 37 44 55 51 54 0 56 18 6 47 33 39 8 21 25 50 43 14 23 53 3 24 32 48 12 28 20 36 45 19 31 41 7 5 40 26 2 34 1 35 49 52 15 30 42 9 38 16 27 17 10 4 13 29 22 
73. Fitness: 6039073 Chromosome: 1 45 47 16 51 38 32 17 36 6 26 56 31 15 35 12 25 33 13 11 7 22 9 24 44 37 23 20 0 10 41 2 21 19 28 8 39 18 42 14 46 43 5 27 52 53 48 54 29 55 4 3 50 34 30 40 49 
74. Fitness: 6043474 Chromosome: 42 23 45 1 27 22 52 15 39 44 2 5 55 4 21 43 53 20 14 51 24 50 46 35 25 28 7 38 26 29 9 49 56 31 11 41 33 19 30 17 13 10 18 3 48 54 8 16 47 37 12 34 6 36 0 32 40 
75. Fitness: 6046675 Chromosome: 27 42 25 3 51 13 15 36 28 48 18 33 39 37 12 14 26 9 2 54 24 50 1 31 38 41 23 30 19 52 29 4 56 55 22 8 35 49 44 45 7 17 43 47 6 21 40 0 53 32 34 5 11 10 46 20 16 
76. Fitness: 6047676 Chromosome: 49 6 16 22 37 48 55 15 39 32 47 30 7 35 13 23 33 26 9 27 14 0 2 19 17 20 25 24 38 41 31 45 1 34 44 43 51 54 29 12 21 40 53 42 28 8 46 50 5 18 56 4 52 36 10 11 3 
77. Fitness: 6089877 Chromosome: 18 47 39 36 53 22 30 4 33 55 15 29 42 25 34 37 28 8 20 27 54 52 23 10 40 44 50 26 24 19 9 2 31 13 38 7 0 6 12 51 41 49 45 17 32 46 35 56 14 48 43 5 11 21 1 3 16 
78. Fitness: 6097078 Chromosome: 3 9 52 53 40 5 14 51 33 47 41 27 31 42 26 10 15 0 20 16 43 17 7 35 44 49 45 54 22 55 56 4 29 13 25 34 12 11 37 6 32 8 2 24 48 18 19 50 1 28 46 38 36 21 23 30 39 
79. Fitness: 6102879 Chromosome: 48 9 7 17 22 30 33 21 42 15 28 47 34 44 8 43 6 19 56 0 12 23 51 41 39 55 37 4 27 46 10 35 53 13 18 3 5 40 26 2 50 1 24 11 36 45 20 16 52 32 29 54 49 14 31 38 25 
80. Fitness: 6105180 Chromosome: 36 10 21 18 51 35 52 42 25 20 17 19 2 50 24 56 4 13 45 1 48 55 27 38 47 29 32 41 7 23 31 53 5 6 40 37 26 34 9 22 43 33 8 3 39 44 14 49 16 0 30 28 54 12 11 15 46 
81. Fitness: 6106381 Chromosome: 42 23 45 1 27 17 52 15 39 13 2 18 55 4 11 43 46 20 14 51 24 50 41 35 25 49 7 38 26 29 31 22 28 53 32 3 19 37 16 40 5 30 44 56 10 54 8 33 47 9 12 34 6 36 0 21 48 
82. Fitness: 6120382 Chromosome: 0 52 29 53 33 4 14 16 25 51 13 35 26 20 55 50 37 3 43 7 42 17 49 27 6 9 5 28 56 31 10 45 47 41 39 19 12 11 15 44 32 8 2 24 48 18 34 22 1 54 46 38 36 21 23 40 30 
83. Fitness: 6131983 Chromosome: 49 12 16 48 54 34 55 15 0 30 52 24 31 33 43 22 9 17 19 37 40 6 5 53 51 35 38 42 25 20 46 29 2 50 14 27 44 26 47 23 13 41 7 8 45 32 39 1 21 18 56 4 28 36 10 11 3 
84. Fitness: 6138584 Chromosome: 52 50 15 32 37 9 17 38 22 51 26 4 5 39 25 18 27 21 46 1 7 29 35 53 13 24 14 31 20 41 42 19 40 11 2 36 43 0 16 48 45 30 44 56 10 54 8 33 47 3 12 34 6 28 49 23 55 
85. Fitness: 6138985 Chromosome: 34 35 7 47 27 26 52 12 39 41 2 18 55 4 11 53 54 10 56 38 48 49 6 42 33 43 15 24 51 17 14 8 5 36 44 30 37 46 31 22 28 13 32 3 23 20 50 9 16 40 0 45 1 19 29 21 25 
86. Fitness: 6140886 Chromosome: 33 11 2 37 53 48 14 44 9 47 39 43 24 4 10 19 21 18 27 5 29 1 52 16 13 25 15 34 54 42 31 26 3 20 38 7 0 6 12 51 41 49 45 17 32 46 30 56 55 22 35 8 40 36 50 28 23 
87. Fitness: 6167087 Chromosome: 3 52 47 16 33 5 14 9 39 51 20 27 31 42 26 10 15 0 41 53 43 17 7 35 44 49 45 54 22 55 56 4 29 13 25 34 12 11 37 6 32 8 2 24 48 18 19 50 1 28 46 38 36 21 23 40 30 
88. Fitness: 6194088 Chromosome: 1 4 21 25 14 35 7 23 19 39 24 54 34 18 43 3 11 9 47 29 52 42 31 26 49 13 27 44 45 22 12 50 16 10 15 0 20 37 32 2 36 5 8 46 38 17 28 41 48 56 51 55 6 33 53 30 40 
89. Fitness: 6208089 Chromosome: 12 37 53 34 20 18 22 31 49 47 45 8 36 43 0 23 33 32 9 27 14 50 2 19 26 6 16 10 38 55 29 41 39 1 15 54 7 35 46 3 25 4 56 28 17 42 30 13 52 11 51 40 5 48 44 24 21 
90. Fitness: 6225590 Chromosome: 27 42 25 3 29 52 19 30 23 41 38 31 1 50 24 8 2 9 26 14 12 37 39 33 18 48 28 36 15 13 51 4 56 55 22 54 45 49 44 35 7 17 43 47 6 21 40 0 53 32 34 5 11 10 46 20 16 
91. Fitness: 6235691 Chromosome: 35 42 47 52 0 53 46 10 31 17 8 12 19 55 18 45 24 26 15 51 33 4 29 40 9 14 38 41 37 20 43 13 23 49 36 3 11 48 54 7 16 56 32 34 44 25 1 50 2 30 6 39 27 5 22 28 21 
92. Fitness: 6264892 Chromosome: 27 42 25 3 51 13 15 36 28 48 30 33 39 38 12 14 26 9 2 8 24 50 1 19 37 22 21 18 31 52 29 4 56 55 41 54 45 49 44 35 7 17 43 47 6 23 40 0 53 32 34 5 11 10 46 20 16 
93. Fitness: 6280493 Chromosome: 39 24 27 9 35 18 10 47 43 32 21 17 8 11 54 33 45 37 20 7 25 55 23 56 51 6 12 34 52 42 31 22 28 13 14 3 19 50 15 1 53 0 49 16 48 41 26 4 38 46 29 5 36 44 40 30 2 
94. Fitness: 6330694 Chromosome: 8 40 39 36 53 48 14 44 9 47 56 43 24 4 10 19 21 18 27 5 29 1 52 16 13 25 15 34 54 42 31 26 3 20 38 7 0 6 12 51 41 49 45 17 32 46 35 30 28 33 11 2 50 23 37 22 55 
95. Fitness: 6373795 Chromosome: 18 36 19 43 48 38 42 33 30 9 10 20 6 47 31 1 56 23 55 25 28 40 5 24 7 54 11 8 17 53 3 12 39 4 50 51 2 21 37 45 35 0 32 15 13 44 27 34 41 22 52 46 26 49 14 16 29 
96. Fitness: 6480496 Chromosome: 30 54 13 3 51 38 33 42 5 44 40 14 19 10 49 48 20 9 47 27 16 26 23 45 21 36 43 53 18 11 0 55 32 12 24 7 35 28 22 15 2 4 50 25 37 17 46 6 31 39 34 52 56 29 41 8 1 
97. Fitness: 6525997 Chromosome: 45 36 4 16 34 7 8 28 24 51 47 0 48 44 46 53 54 29 12 21 40 31 41 38 42 25 20 17 19 2 50 14 27 9 26 33 23 13 35 18 30 10 39 5 56 6 22 52 37 55 3 15 32 43 11 49 1 
98. Fitness: 6666798 Chromosome: 8 40 56 37 26 44 51 20 0 1 14 13 5 11 29 19 21 18 27 24 10 47 52 16 46 32 17 45 49 41 39 12 6 9 7 38 48 3 53 31 42 54 34 15 25 43 35 30 28 33 4 2 50 23 36 22 55 
99. Fitness: 6806299 Chromosome: 0 52 41 36 53 22 7 9 40 29 47 5 46 26 1 45 24 18 17 19 12 8 55 33 4 6 30 2 50 15 25 44 34 32 56 16 10 54 48 11 3 35 49 23 13 31 28 43 20 39 21 37 14 38 27 42 51 
