Recombination Probability: 90
Mutation Probability: 70
Population Size: 100
Maximum Number Of Generations: 10000
Crossover Operator: Order One Crossover
Mutation Operator: Inversion Mutation
0. Fitness: 465720 Chromosome: 5 11 44 42 52 3 24 37 38 43 4 19 15 8 25 7 21 16 53 30 22 2 56 27 20 17 55 10 36 32 54 23 35 41 26 33 0 31 48 46 50 14 12 51 34 40 13 39 47 18 6 1 29 9 49 45 28 
1. Fitness: 500691 Chromosome: 51 0 45 40 11 47 19 4 43 24 3 14 29 25 21 16 53 30 2 56 20 55 10 36 32 54 37 33 31 8 6 15 7 42 50 35 5 9 46 48 28 12 26 41 1 38 52 49 39 44 22 27 17 18 13 23 34 
2. Fitness: 506052 Chromosome: 42 13 34 11 47 40 39 45 15 50 46 48 6 43 38 37 24 3 52 14 29 8 25 7 21 16 53 30 22 2 56 27 20 17 55 10 36 32 54 49 1 41 26 12 28 31 0 23 4 19 51 9 18 44 35 5 33 
3. Fitness: 506153 Chromosome: 51 0 45 40 11 47 19 4 43 24 3 14 56 2 30 53 16 21 25 29 20 55 10 36 32 54 1 41 26 12 28 48 46 9 5 35 50 42 7 15 6 8 31 33 37 38 52 49 39 44 22 27 17 18 13 23 34 
4. Fitness: 516034 Chromosome: 4 43 24 14 25 21 16 30 56 55 10 36 32 54 1 41 12 28 48 46 9 5 35 50 42 7 15 6 8 33 37 19 39 31 0 38 45 3 20 29 17 26 53 2 40 52 49 44 22 27 18 13 23 34 51 11 47 
5. Fitness: 519425 Chromosome: 21 18 35 5 31 49 39 32 40 24 15 38 8 7 23 43 0 16 28 50 3 44 13 14 48 25 51 47 19 36 2 41 54 34 52 53 37 29 33 30 17 6 11 1 26 4 45 27 56 46 42 9 20 10 12 55 22 
6. Fitness: 524196 Chromosome: 46 42 9 29 12 53 55 22 21 40 35 16 50 3 37 44 15 24 7 14 48 51 8 47 54 23 20 25 19 56 10 49 18 13 39 28 0 38 43 52 36 2 41 33 32 4 26 1 11 30 17 31 34 27 45 6 5 
7. Fitness: 525277 Chromosome: 25 13 47 29 30 24 11 51 0 53 19 16 4 2 45 34 43 23 40 56 20 55 10 36 32 54 1 41 26 12 28 48 46 9 5 35 50 42 7 15 6 8 31 33 37 38 52 49 39 44 22 27 17 18 21 14 3 
8. Fitness: 526878 Chromosome: 49 30 50 0 19 54 16 8 23 14 35 32 17 29 3 20 53 22 26 12 52 41 56 36 37 55 33 45 40 4 24 11 10 47 28 1 25 34 51 21 5 2 43 27 38 15 7 48 31 13 6 39 44 9 18 46 42 
9. Fitness: 527589 Chromosome: 16 39 27 23 48 8 29 18 6 37 31 43 3 44 7 54 11 47 28 1 21 32 25 14 20 53 26 30 36 4 24 40 22 0 55 38 51 34 2 9 17 35 52 10 45 33 46 5 41 15 56 50 49 19 42 12 13 
10. Fitness: 5288710 Chromosome: 44 7 54 11 47 28 1 21 32 25 14 20 30 36 4 40 22 0 55 38 51 34 2 23 3 24 10 15 52 48 8 46 17 26 56 53 33 29 18 9 35 45 5 41 50 49 19 42 12 16 27 13 6 39 37 31 43 
11. Fitness: 5297211 Chromosome: 12 53 55 21 40 16 50 3 37 44 15 24 7 14 48 47 54 41 2 36 52 43 0 26 28 39 22 35 46 13 19 8 51 5 30 9 27 38 18 49 10 56 25 20 23 33 32 17 31 34 45 4 1 11 6 42 29 
12. Fitness: 5387512 Chromosome: 27 50 53 10 11 44 5 2 56 49 21 1 39 29 48 51 7 13 6 8 23 14 3 25 12 0 41 38 28 4 19 15 26 54 16 22 17 55 32 40 31 35 9 30 46 24 45 33 34 36 18 43 52 37 20 47 42 
13. Fitness: 5402113 Chromosome: 11 6 5 46 42 9 29 12 53 55 22 21 40 35 16 50 3 37 44 15 24 7 14 48 51 8 47 54 23 20 25 19 56 10 49 18 13 39 28 26 0 38 43 52 36 2 41 33 32 30 17 31 34 27 45 4 1 
14. Fitness: 5419514 Chromosome: 18 38 52 11 10 36 56 5 4 28 37 3 27 44 16 55 49 17 12 47 26 32 35 33 45 13 39 53 54 22 14 50 46 48 7 43 40 24 19 2 34 8 31 0 23 1 25 20 15 41 21 42 51 6 29 30 9 
15. Fitness: 5432415 Chromosome: 27 38 41 21 43 6 8 31 0 23 4 19 51 9 37 18 44 26 32 36 47 28 16 3 17 40 35 29 39 56 20 24 52 13 49 1 33 12 45 46 10 25 34 7 30 11 48 50 14 22 15 2 53 54 55 5 42 
16. Fitness: 5440516 Chromosome: 11 6 5 46 42 9 29 12 53 34 31 17 30 32 33 41 2 36 52 43 38 0 26 28 39 13 18 49 10 56 19 25 20 23 54 47 8 51 48 14 7 24 15 44 37 3 50 16 35 40 21 22 55 27 45 4 1 
17. Fitness: 5442617 Chromosome: 13 6 39 8 14 34 25 21 51 9 18 23 2 35 26 1 28 47 10 37 55 33 45 40 4 24 11 36 56 41 52 12 22 53 20 3 29 17 32 5 43 27 38 15 7 44 48 31 0 46 19 54 50 30 42 49 16 
18. Fitness: 5449918 Chromosome: 32 43 40 25 13 39 47 15 38 23 17 20 42 55 45 2 30 24 11 29 41 27 12 0 31 8 6 7 48 46 50 51 44 53 5 37 28 19 49 14 56 10 22 16 54 26 4 9 1 36 18 35 52 21 3 33 34 
19. Fitness: 5471219 Chromosome: 45 42 52 3 38 26 41 1 49 54 32 36 27 20 17 55 22 16 21 25 8 15 19 4 43 28 37 5 31 53 0 44 51 12 14 50 46 48 11 7 24 30 2 56 10 13 47 33 40 39 23 34 6 29 18 35 9 
20. Fitness: 5473320 Chromosome: 40 11 47 15 19 4 43 38 37 24 3 52 14 8 25 7 21 16 12 17 20 29 26 0 41 39 53 30 22 2 56 27 55 10 36 32 54 28 48 46 31 9 35 50 42 18 13 6 23 51 33 44 1 34 49 5 45 
21. Fitness: 5481621 Chromosome: 15 6 1 56 19 16 18 7 23 3 28 41 46 11 47 50 12 44 5 21 43 32 25 14 20 53 26 30 36 4 24 40 22 0 55 38 51 34 2 9 17 35 52 10 13 39 49 45 37 31 29 8 54 27 33 42 48 
22. Fitness: 5505922 Chromosome: 4 40 23 3 14 42 45 36 49 21 0 33 7 39 51 15 54 41 43 13 47 18 9 6 30 50 22 38 20 35 52 37 48 8 44 25 29 11 46 28 12 26 1 17 53 5 16 10 24 55 56 19 34 32 31 2 27 
23. Fitness: 5529923 Chromosome: 7 39 51 15 54 41 13 47 18 9 6 30 50 22 8 31 2 27 21 4 43 36 40 23 3 33 14 38 20 35 52 37 11 32 19 16 5 24 46 48 28 53 17 55 25 34 26 1 44 12 10 29 56 42 45 49 0 
24. Fitness: 5547824 Chromosome: 19 56 34 49 31 0 4 53 44 7 17 12 50 22 6 51 11 46 25 18 21 9 42 30 3 20 45 38 5 27 16 1 24 55 28 39 13 47 41 37 10 29 54 36 32 40 2 35 15 26 48 43 14 23 8 33 52 
25. Fitness: 5624925 Chromosome: 9 29 50 8 35 7 1 54 24 6 14 3 5 53 42 20 37 15 22 28 39 13 18 49 10 56 51 48 19 44 40 47 23 11 46 21 16 25 55 26 0 38 43 52 36 2 41 33 32 30 17 31 34 27 45 4 12 
26. Fitness: 5662226 Chromosome: 53 54 3 4 30 51 2 40 37 9 52 11 56 21 1 33 24 26 7 29 49 48 50 18 25 8 15 13 32 28 39 16 23 14 44 42 0 41 22 35 10 20 12 38 17 36 43 27 31 47 45 55 6 34 5 46 19 
27. Fitness: 5684527 Chromosome: 2 25 33 29 12 39 36 35 43 31 9 23 14 15 30 13 37 20 46 49 17 38 55 44 0 22 45 40 4 24 11 10 47 28 1 21 32 26 56 53 34 3 42 18 8 27 5 52 51 54 50 48 16 41 7 6 19 
28. Fitness: 5700128 Chromosome: 21 47 0 55 34 22 12 50 7 30 42 51 44 18 49 56 15 41 33 10 52 9 1 27 38 45 20 8 40 3 14 36 54 43 37 29 39 6 13 25 2 17 53 28 48 46 24 5 16 4 19 32 35 11 31 23 26 
29. Fitness: 5734729 Chromosome: 12 7 53 44 25 27 9 30 5 51 42 22 18 20 26 13 48 52 19 39 1 49 35 37 38 41 15 54 21 43 6 8 31 0 23 4 40 17 3 16 2 56 36 55 34 33 45 24 11 10 28 47 14 32 46 29 50 
30. Fitness: 5741630 Chromosome: 50 14 12 16 4 9 44 56 15 19 28 1 7 42 21 32 27 52 35 8 38 49 13 39 55 30 18 17 31 43 40 34 33 51 2 23 53 0 36 24 25 47 22 46 48 29 20 3 45 26 5 37 54 6 41 11 10 
31. Fitness: 5746931 Chromosome: 1 51 23 13 39 4 21 11 22 55 3 52 42 0 38 36 27 9 35 43 45 44 6 14 54 24 47 37 5 50 26 20 29 53 40 2 28 18 34 25 32 33 8 46 48 7 12 49 30 16 41 19 56 15 10 17 31 
32. Fitness: 5759732 Chromosome: 2 25 3 44 8 48 18 51 53 52 34 54 30 24 47 32 4 20 37 29 42 27 5 50 26 0 43 35 41 33 46 38 23 17 36 14 6 16 10 1 55 28 39 13 15 56 19 9 22 11 40 21 31 49 7 12 45 
33. Fitness: 5786733 Chromosome: 39 50 46 48 6 24 52 14 29 8 25 7 21 16 22 56 27 43 3 5 53 33 42 20 38 4 30 49 2 37 41 15 17 55 10 36 32 54 1 26 12 28 31 0 23 19 51 9 18 44 34 35 40 47 11 45 13 
34. Fitness: 5837034 Chromosome: 6 39 8 29 37 31 43 44 54 1 21 32 25 14 53 30 36 4 24 40 0 55 52 7 23 35 3 26 28 41 20 46 11 47 22 38 51 34 2 9 17 10 45 33 5 15 56 50 49 19 42 12 16 18 27 48 13 
35. Fitness: 5840035 Chromosome: 8 52 54 10 11 24 4 40 45 22 46 16 13 27 25 55 15 37 49 41 18 35 23 7 30 38 20 33 5 43 14 36 6 47 28 1 21 32 26 56 53 2 34 3 42 44 39 31 19 51 0 12 48 9 29 17 50 
36. Fitness: 5842636 Chromosome: 3 55 29 40 17 27 34 32 39 21 42 49 2 50 45 22 26 11 30 52 47 37 38 43 19 15 8 41 4 16 18 53 12 9 33 10 5 14 56 54 36 24 35 7 6 31 0 23 1 25 28 48 46 20 13 51 44 
37. Fitness: 5858137 Chromosome: 54 3 4 30 2 15 24 22 46 33 41 10 49 16 1 56 50 48 12 0 51 19 45 31 39 44 32 40 29 28 20 26 55 13 52 37 17 14 6 5 34 23 21 7 47 11 38 36 27 9 8 25 35 43 18 42 53 
38. Fitness: 5863738 Chromosome: 18 30 56 9 22 42 21 50 0 34 52 29 51 6 35 8 15 19 43 13 20 46 48 28 12 26 4 41 10 1 49 54 16 39 17 53 14 33 31 5 3 24 23 2 40 32 36 55 27 37 38 47 11 7 25 44 45 
39. Fitness: 5867339 Chromosome: 33 15 24 22 54 4 12 28 46 20 37 13 55 0 23 2 56 40 3 27 34 16 10 32 45 9 31 38 14 21 7 52 29 17 51 49 19 18 44 6 11 48 26 53 39 36 41 1 25 5 35 50 42 30 8 47 43 
40. Fitness: 5869540 Chromosome: 10 11 44 14 3 25 12 0 41 38 28 4 19 15 26 54 16 22 17 55 7 24 18 6 30 32 40 31 35 9 46 45 33 34 36 56 2 5 23 8 13 51 48 29 39 1 21 49 52 27 47 43 20 37 42 50 53 
41. Fitness: 5877041 Chromosome: 45 36 49 21 0 33 39 15 54 41 43 13 47 18 9 7 19 32 35 11 31 23 14 3 40 22 50 6 44 8 51 53 17 42 30 4 16 5 24 46 48 28 55 52 25 34 26 38 1 2 12 37 20 10 29 27 56 
42. Fitness: 5881842 Chromosome: 43 52 18 36 47 32 33 39 27 41 34 25 40 6 1 29 9 4 26 54 16 22 10 56 14 49 19 28 37 5 31 53 0 44 51 12 50 46 48 11 7 24 30 2 45 55 42 20 17 8 23 38 15 35 3 21 13 
43. Fitness: 5892243 Chromosome: 50 53 10 11 44 5 55 32 40 31 35 9 30 46 24 45 33 34 36 56 2 17 22 16 54 26 15 19 28 41 0 12 25 14 23 8 6 13 7 51 48 29 39 4 3 1 38 21 49 52 27 18 47 43 20 37 42 
44. Fitness: 5892644 Chromosome: 23 52 45 18 10 1 30 24 55 28 39 13 15 56 19 9 4 47 22 42 27 41 21 5 50 26 0 38 32 20 43 35 36 2 29 17 49 16 53 31 40 34 14 7 37 6 44 8 48 51 3 11 46 33 12 25 54 
45. Fitness: 5899845 Chromosome: 35 0 8 51 25 48 14 7 24 18 30 56 28 23 13 39 37 5 50 12 19 6 42 46 15 31 47 54 52 36 2 20 26 4 49 29 32 34 1 16 11 3 44 10 22 41 21 9 45 33 55 27 38 43 17 40 53 
46. Fitness: 5903946 Chromosome: 44 8 48 51 37 52 54 35 38 0 50 41 27 22 9 19 15 13 39 55 5 43 20 17 30 16 6 14 40 4 24 11 10 47 28 1 21 32 26 56 53 2 34 3 42 18 25 36 23 46 31 7 12 49 45 33 29 
47. Fitness: 5913847 Chromosome: 29 30 24 7 11 48 46 12 51 28 39 13 15 56 19 9 4 47 22 42 27 41 53 44 32 38 0 26 50 5 21 31 37 16 2 45 49 34 33 52 43 8 23 40 35 20 55 10 14 3 17 25 18 36 6 54 1 
48. Fitness: 5914348 Chromosome: 13 55 26 20 28 18 43 34 41 56 29 10 50 12 7 53 44 54 6 36 3 4 47 38 27 9 30 22 0 24 15 40 42 2 8 51 25 5 16 45 46 33 32 11 14 17 31 37 21 35 49 1 39 19 52 23 48 
49. Fitness: 5915049 Chromosome: 4 36 30 44 11 47 17 26 23 43 7 16 1 9 35 52 10 33 41 15 56 49 19 18 48 14 3 54 28 8 34 53 40 24 55 42 46 50 12 22 0 27 5 38 45 20 2 25 13 6 39 29 37 51 32 31 21 
50. Fitness: 5916650 Chromosome: 44 7 54 4 36 26 53 20 0 22 24 11 47 28 1 25 14 17 18 37 30 39 13 49 38 8 35 52 32 5 46 33 45 10 9 2 34 51 42 21 41 15 56 50 19 12 48 16 6 55 27 40 43 23 29 31 3 
51. Fitness: 5918251 Chromosome: 18 20 42 55 7 31 40 11 46 23 17 36 14 6 16 8 48 51 49 3 33 29 37 53 52 34 54 35 43 32 38 0 26 50 5 21 41 27 22 47 4 9 19 56 15 13 39 28 24 30 1 10 12 25 2 44 45 
52. Fitness: 5923752 Chromosome: 30 24 55 28 39 44 0 15 18 8 13 48 56 19 9 4 47 22 42 27 41 21 5 50 26 38 32 20 43 35 54 34 52 53 37 29 33 3 49 51 16 6 14 36 17 23 46 11 40 31 7 12 25 2 45 10 1 
53. Fitness: 5925453 Chromosome: 40 22 0 18 30 38 8 52 46 5 4 28 37 3 27 44 51 16 55 49 17 12 47 26 34 32 35 33 45 13 21 39 53 54 2 15 10 9 11 1 25 14 20 36 7 43 31 29 23 6 48 19 50 56 41 42 24 
54. Fitness: 5941354 Chromosome: 8 16 2 52 37 45 21 19 11 24 22 40 17 20 29 0 14 15 34 5 53 47 30 7 56 49 4 3 1 38 27 55 43 25 44 10 36 32 54 41 26 12 28 48 46 31 9 35 50 42 18 13 6 39 23 51 33 
55. Fitness: 5949955 Chromosome: 6 23 48 18 42 7 16 39 38 55 0 22 4 11 24 1 47 50 45 44 29 34 28 21 2 53 26 17 49 46 33 10 32 25 3 43 31 14 15 30 41 56 36 13 40 37 20 54 51 52 9 5 35 12 27 8 19 
56. Fitness: 5962256 Chromosome: 44 45 18 10 1 30 24 55 28 39 13 14 6 16 8 48 51 49 3 33 29 37 53 52 34 54 35 43 20 32 38 26 50 5 0 21 41 27 42 22 47 4 9 19 56 15 36 17 23 46 11 40 31 7 12 25 2 
57. Fitness: 5964857 Chromosome: 9 7 37 25 32 12 47 24 30 33 46 11 5 42 3 21 35 1 51 48 13 8 18 15 0 44 6 56 54 23 52 19 39 36 2 41 29 50 17 49 16 53 31 10 45 4 26 20 22 55 27 40 43 34 28 38 14 
58. Fitness: 5966558 Chromosome: 39 6 0 30 7 56 52 35 42 12 28 41 9 45 44 51 29 49 48 50 18 25 8 15 19 4 26 24 43 37 27 20 38 2 53 5 3 14 13 16 21 34 46 11 23 47 40 32 36 10 55 33 54 1 17 22 31 
59. Fitness: 5972159 Chromosome: 9 35 32 33 1 5 42 56 30 18 24 47 52 39 36 2 50 17 49 54 45 46 10 31 53 16 26 15 19 4 28 38 41 0 12 25 3 14 23 8 6 13 7 51 48 29 20 22 55 27 40 43 34 37 11 21 44 
60. Fitness: 5973060 Chromosome: 8 52 1 54 24 6 36 14 43 5 37 2 49 41 28 18 26 3 35 23 30 4 38 20 42 33 53 15 22 56 55 10 25 27 11 47 7 13 16 21 34 46 40 32 44 39 31 45 19 51 0 12 48 9 29 17 50 
61. Fitness: 5980861 Chromosome: 19 37 10 33 12 53 43 13 48 28 26 4 41 49 54 56 44 22 6 51 11 46 25 18 21 9 42 30 3 20 45 38 5 27 16 1 24 52 47 55 36 32 40 2 23 31 14 17 39 29 0 50 35 34 7 8 15 
62. Fitness: 5989462 Chromosome: 13 55 26 20 28 18 43 34 41 56 29 10 50 24 15 40 42 2 8 51 25 5 30 9 27 38 47 4 3 36 6 54 44 53 7 12 0 22 16 45 46 33 32 11 14 17 31 37 21 35 49 1 39 19 52 23 48 
63. Fitness: 5992663 Chromosome: 13 51 21 45 52 17 29 0 14 34 5 6 7 32 30 15 19 24 43 38 37 2 53 20 55 36 48 28 12 26 50 44 31 25 3 56 42 18 27 40 47 23 11 39 16 54 49 1 10 41 4 46 35 9 22 33 8 
64. Fitness: 5999964 Chromosome: 35 32 33 1 46 42 6 19 50 5 37 39 13 23 56 30 18 24 7 14 48 25 51 28 12 8 47 54 52 36 2 20 26 4 45 10 31 53 16 49 17 29 41 22 55 27 40 43 34 0 15 3 11 21 44 38 9 
65. Fitness: 6011965 Chromosome: 9 48 26 53 6 5 28 18 43 47 44 52 13 22 45 50 2 49 21 39 32 34 17 8 15 7 35 55 29 40 31 0 23 1 46 25 20 41 4 24 36 54 56 14 10 33 37 38 30 11 16 51 3 19 42 12 27 
66. Fitness: 6018066 Chromosome: 45 21 9 51 29 30 50 18 25 34 44 42 0 35 8 15 19 43 13 20 46 48 28 26 4 41 10 1 49 54 16 39 17 53 14 33 5 3 24 23 2 32 36 55 27 37 38 47 6 22 56 11 40 31 7 12 52 
67. Fitness: 6018267 Chromosome: 53 39 25 45 56 51 1 6 34 49 32 21 4 43 36 37 24 3 52 30 5 31 0 29 10 41 47 38 27 9 17 12 26 42 23 16 40 2 14 33 8 54 46 7 22 15 50 13 55 35 20 28 19 18 44 11 48 
68. Fitness: 6027268 Chromosome: 11 21 44 9 13 1 12 42 56 30 6 18 24 7 14 48 25 51 47 50 33 46 5 32 27 52 35 8 38 29 41 2 36 39 19 23 54 17 49 16 53 31 10 45 4 26 20 22 55 40 43 34 28 37 0 15 3 
69. Fitness: 6034369 Chromosome: 15 29 36 25 43 30 48 9 13 24 8 46 10 31 53 16 49 17 54 42 44 3 11 14 23 39 1 28 34 32 40 37 51 56 19 27 6 21 5 50 52 38 55 18 45 4 26 20 22 2 0 41 12 33 47 7 35 
70. Fitness: 6045570 Chromosome: 53 51 8 3 19 15 44 28 21 32 14 36 4 54 31 39 6 13 25 2 45 16 33 52 18 1 40 24 55 42 46 50 41 12 22 0 9 48 7 43 35 20 23 26 17 27 38 47 37 10 5 49 11 29 56 34 30 
71. Fitness: 6049971 Chromosome: 44 42 35 19 13 46 12 1 39 33 5 32 37 38 23 28 56 30 18 24 7 14 48 25 51 8 47 54 52 36 2 20 26 4 45 10 31 53 16 49 17 29 41 22 55 27 40 43 34 0 15 3 11 6 21 9 50 
72. Fitness: 6050972 Chromosome: 3 21 44 38 9 35 13 32 33 8 51 24 18 6 56 12 1 47 23 52 19 39 36 41 29 17 49 16 31 10 45 4 26 20 27 40 43 28 37 0 30 7 34 46 25 11 48 50 14 22 15 2 53 54 55 5 42 
73. Fitness: 6070873 Chromosome: 25 7 53 22 2 56 20 55 54 51 1 6 34 49 32 21 4 43 36 30 5 31 0 29 10 37 41 47 38 27 9 17 3 12 26 24 42 23 16 28 19 18 44 35 40 11 33 45 13 39 15 50 46 48 52 14 8 
74. Fitness: 6071274 Chromosome: 35 33 1 46 42 6 19 12 50 37 39 23 28 56 24 18 30 7 14 48 25 51 8 47 54 52 36 2 20 26 4 45 10 31 53 16 49 17 29 41 13 5 32 22 55 27 40 43 34 0 15 3 11 21 44 38 9 
75. Fitness: 6074175 Chromosome: 13 35 38 44 21 11 3 0 37 28 34 40 27 55 20 26 46 10 31 53 16 49 17 50 41 2 39 19 52 23 54 47 8 51 14 7 24 18 6 9 4 48 30 22 43 25 36 45 29 15 56 42 5 12 1 32 33 
76. Fitness: 6074476 Chromosome: 45 33 36 56 41 48 18 42 7 16 39 38 55 0 22 4 11 24 1 47 20 37 40 13 43 2 5 26 44 30 9 53 15 21 32 17 25 29 3 31 46 52 34 51 6 8 23 14 35 27 12 19 49 50 54 28 10 
77. Fitness: 6084777 Chromosome: 45 33 55 36 56 52 1 42 23 32 31 35 9 30 44 51 29 49 48 50 18 25 8 15 19 4 26 24 43 37 27 20 38 2 53 5 3 14 13 16 21 34 46 11 6 39 40 17 22 54 28 41 0 12 47 7 10 
78. Fitness: 6090078 Chromosome: 36 43 10 15 27 34 9 35 13 32 33 1 12 46 5 42 56 30 6 18 24 7 14 48 25 51 8 47 54 23 52 19 39 31 0 38 45 3 20 29 17 26 53 2 40 49 11 16 41 22 4 44 28 37 50 21 55 
79. Fitness: 6090879 Chromosome: 3 2 48 12 44 45 49 18 51 53 52 34 54 35 43 24 47 32 4 20 37 29 42 27 21 5 50 26 0 30 41 33 46 38 23 17 36 14 6 16 10 1 55 28 39 13 15 56 19 9 22 11 40 31 7 8 25 
80. Fitness: 6111780 Chromosome: 8 52 1 54 24 6 36 14 43 53 33 20 38 4 30 7 23 35 18 28 41 49 2 37 15 22 56 55 10 25 27 13 16 34 46 11 47 40 32 26 50 5 21 3 44 42 39 31 45 19 51 0 12 48 9 29 17 
81. Fitness: 6130281 Chromosome: 47 52 42 21 39 34 54 35 43 32 41 27 22 19 56 15 55 24 30 10 16 6 14 50 26 0 38 49 45 3 20 29 53 40 2 28 7 31 11 46 17 36 23 1 25 48 13 51 44 5 33 9 12 18 4 8 37 
82. Fitness: 6134582 Chromosome: 36 38 45 44 47 2 51 19 37 9 52 11 56 21 1 54 33 24 26 4 7 29 30 49 48 50 18 25 8 15 13 40 32 28 55 31 17 6 5 34 3 14 23 16 39 20 12 53 22 0 46 41 10 42 43 35 27 
83. Fitness: 6142183 Chromosome: 13 19 26 22 15 39 43 34 33 42 52 3 55 29 24 56 54 48 49 4 53 44 32 7 17 12 50 6 51 47 16 11 1 46 25 20 41 28 18 21 14 37 38 0 23 5 10 45 9 31 35 2 30 8 36 40 27 
84. Fitness: 6146884 Chromosome: 15 19 24 43 38 53 40 12 2 33 16 23 47 8 13 1 41 4 26 28 48 36 55 20 17 52 37 10 45 21 49 51 54 39 11 32 46 14 3 5 6 31 0 30 7 56 35 42 9 44 29 50 22 34 27 18 25 
85. Fitness: 6160785 Chromosome: 50 47 10 11 12 7 53 44 25 46 38 35 31 32 3 14 23 49 1 52 20 56 55 34 33 45 22 24 42 2 51 5 30 9 27 36 48 37 43 13 6 39 8 29 21 18 40 17 16 54 26 15 19 4 28 41 0 
86. Fitness: 6177786 Chromosome: 25 33 29 44 8 48 18 51 37 53 52 34 54 35 32 38 0 50 21 41 47 9 19 56 15 13 39 28 24 3 42 5 17 30 1 16 6 14 36 23 46 11 31 10 45 4 26 20 22 55 27 40 43 7 12 49 2 
87. Fitness: 6192187 Chromosome: 29 49 18 25 4 47 38 12 53 55 22 50 16 35 40 21 3 37 44 15 24 7 14 48 51 27 9 30 5 8 19 13 46 41 0 42 11 23 39 1 28 34 32 52 10 45 31 2 43 36 17 56 20 6 54 33 26 
88. Fitness: 6196188 Chromosome: 45 33 29 37 27 17 48 49 30 53 36 10 25 15 19 7 4 43 51 46 32 34 28 16 14 13 11 24 8 18 23 55 38 39 1 52 0 40 20 26 50 5 21 3 44 42 54 2 31 41 12 22 35 56 6 47 9 
89. Fitness: 6201489 Chromosome: 34 9 35 13 32 33 19 4 43 24 3 1 12 46 5 42 56 30 6 18 7 14 48 25 51 8 47 54 23 52 39 31 0 38 45 20 29 17 26 53 2 40 49 11 16 41 22 50 37 28 44 21 55 36 10 15 27 
90. Fitness: 6201790 Chromosome: 25 56 16 2 28 1 39 19 52 23 51 48 13 55 50 8 10 27 26 53 18 22 15 0 45 44 29 34 49 35 21 3 42 5 43 4 20 54 46 11 47 40 32 31 12 9 17 24 6 36 14 33 38 30 7 41 37 
91. Fitness: 6217691 Chromosome: 3 36 13 43 40 27 42 33 34 52 55 19 39 15 24 31 9 26 45 10 5 23 0 38 37 14 21 29 18 28 41 20 25 46 1 11 16 47 51 6 22 50 12 17 7 32 44 53 4 49 48 54 56 35 2 8 30 
92. Fitness: 6250392 Chromosome: 37 23 4 21 11 22 55 52 42 36 27 9 35 44 6 14 54 24 47 16 39 1 34 32 5 46 13 51 30 49 48 0 38 45 3 20 29 53 40 2 28 18 43 50 25 8 15 19 7 31 12 17 10 41 26 56 33 
93. Fitness: 6256993 Chromosome: 3 14 29 25 21 30 56 20 55 10 36 54 1 41 9 42 6 39 17 18 13 24 7 11 48 46 50 12 51 44 0 53 31 5 37 28 26 22 19 16 4 2 45 49 34 33 52 15 32 43 27 8 23 40 35 38 47 
94. Fitness: 6270194 Chromosome: 39 50 8 52 1 54 24 6 36 14 43 5 53 33 42 20 38 4 30 7 23 35 3 26 18 28 41 49 2 37 15 22 56 55 10 0 40 21 44 31 12 47 9 45 19 25 48 17 27 29 51 46 32 34 16 13 11 
95. Fitness: 6323495 Chromosome: 0 18 8 13 48 51 1 35 21 3 42 5 11 46 33 30 24 12 32 25 54 41 27 22 47 9 19 56 15 23 52 39 36 2 29 50 17 49 16 53 31 10 45 4 26 20 55 40 43 34 28 38 14 7 37 6 44 
96. Fitness: 6341796 Chromosome: 35 32 41 27 56 15 55 24 10 16 6 14 0 3 20 29 53 40 19 43 38 37 47 52 30 11 26 22 45 50 2 49 42 21 28 7 31 46 17 36 5 39 13 23 44 51 4 9 1 12 25 33 8 48 18 34 54 
97. Fitness: 6382597 Chromosome: 48 51 19 18 25 10 55 56 22 15 41 37 2 49 30 4 38 20 42 33 53 5 3 43 14 36 6 24 54 1 7 52 35 8 0 26 28 27 13 16 21 34 46 11 23 47 40 32 44 39 17 31 45 9 29 12 50 
98. Fitness: 6427198 Chromosome: 43 31 9 14 17 44 0 45 24 1 32 5 53 33 42 20 38 4 30 7 23 35 3 26 18 28 41 49 48 29 50 54 51 52 8 40 47 11 46 34 21 16 13 27 25 10 55 56 22 15 37 2 6 19 12 39 36 
99. Fitness: 6496699 Chromosome: 0 53 8 50 48 51 52 19 54 43 5 1 39 33 42 20 38 4 30 7 23 35 3 26 18 28 41 49 2 37 15 22 56 55 10 25 27 13 16 21 34 46 11 24 47 6 14 36 17 40 12 32 31 9 29 44 45 
