Recombination Probability: 90
Mutation Probability: 70
Population Size: 100
Maximum Number Of Generations: 10000
Crossover Operator: PMX Crossover
Mutation Operator: Insert Mutation
0. Fitness: 482910 Chromosome: 10 16 50 33 2 46 39 42 32 11 41 7 37 1 34 51 30 18 28 45 26 25 6 15 9 21 49 31 36 55 13 24 3 27 22 8 54 56 48 52 20 12 35 0 38 17 40 4 19 47 53 29 5 44 43 23 14 
1. Fitness: 498651 Chromosome: 46 33 15 51 6 22 37 7 36 42 5 38 41 43 29 35 18 32 39 45 13 11 3 44 2 1 34 14 30 49 23 24 55 27 21 8 54 56 48 52 20 12 31 0 9 17 40 4 19 47 26 53 28 10 25 50 16 
2. Fitness: 506902 Chromosome: 40 47 37 54 53 41 31 10 9 21 22 12 52 18 30 34 13 56 16 45 11 6 23 50 25 32 7 36 51 1 26 39 19 27 20 15 3 46 48 42 38 2 33 14 44 4 24 43 5 8 55 0 29 49 28 35 17 
3. Fitness: 517013 Chromosome: 36 4 54 53 30 37 32 31 19 7 51 21 48 50 52 15 3 10 56 47 46 9 5 23 14 38 2 43 26 22 16 55 20 29 44 27 12 1 8 35 6 25 34 11 17 18 0 40 45 24 28 41 33 13 42 39 49 
4. Fitness: 517244 Chromosome: 31 37 33 12 17 53 39 42 41 10 25 23 32 8 20 18 2 36 19 27 11 45 44 22 34 6 3 13 35 51 1 21 43 38 5 30 29 52 56 40 9 50 55 49 4 0 14 48 47 16 15 26 46 28 7 24 54 
5. Fitness: 522615 Chromosome: 34 41 16 47 5 9 44 39 12 52 14 20 10 43 51 30 18 2 28 45 26 49 6 15 36 22 25 35 38 3 23 50 24 55 27 7 21 8 37 48 0 11 29 17 42 46 13 53 32 31 33 40 4 1 19 54 56 
6. Fitness: 522716 Chromosome: 56 54 31 19 39 24 29 2 8 40 45 32 48 4 41 21 51 23 33 34 10 44 26 46 9 30 12 43 35 16 55 6 38 5 20 22 52 15 36 13 3 37 50 17 18 0 42 25 27 47 53 49 28 14 11 1 7 
7. Fitness: 526797 Chromosome: 51 11 25 53 50 56 31 34 8 7 54 10 0 21 35 6 18 1 13 15 19 45 38 42 12 43 2 20 30 23 9 26 4 55 14 40 3 32 44 17 36 29 52 33 39 37 22 49 27 48 46 28 41 5 24 16 47 
8. Fitness: 528978 Chromosome: 10 16 50 33 46 28 42 2 26 1 7 37 41 43 21 35 18 32 39 13 11 9 44 56 54 40 25 30 38 3 23 19 24 55 27 51 8 36 15 48 52 20 12 31 0 49 17 22 4 47 53 29 5 6 34 45 14 
9. Fitness: 531309 Chromosome: 29 41 16 25 18 30 32 50 7 28 6 22 51 1 13 36 34 10 45 11 12 37 56 54 40 9 35 21 23 26 39 19 27 20 15 3 46 48 42 38 2 33 14 44 4 24 43 5 8 52 55 53 49 0 31 17 47 
10. Fitness: 5326210 Chromosome: 31 37 3 52 33 51 0 41 29 44 32 54 34 16 14 30 13 24 35 20 47 28 56 55 23 45 25 15 38 21 43 26 39 19 12 1 5 2 46 9 22 27 8 11 48 50 49 40 18 36 53 17 10 6 7 4 42 
11. Fitness: 5329411 Chromosome: 42 37 31 52 33 51 0 41 29 44 32 23 16 14 30 34 13 24 45 55 2 6 8 53 48 54 25 35 15 38 21 43 26 39 19 12 1 5 47 46 9 22 27 56 11 20 50 49 40 7 18 10 28 3 4 17 36 
12. Fitness: 5343912 Chromosome: 53 8 51 49 37 17 50 45 39 54 1 42 27 29 34 0 41 10 56 47 46 9 16 12 43 2 31 20 30 23 38 26 4 55 14 40 3 32 44 7 22 36 35 15 11 13 19 28 33 48 21 52 18 6 5 25 24 
13. Fitness: 5347713 Chromosome: 24 16 18 51 43 56 9 49 33 17 1 22 14 0 45 46 29 8 15 41 11 32 13 52 6 34 7 47 27 39 3 28 40 23 25 21 10 30 37 55 54 19 4 38 2 35 20 26 12 50 5 36 53 44 42 48 31 
14. Fitness: 5348514 Chromosome: 17 33 46 47 23 49 9 37 15 39 6 5 41 1 51 10 3 44 4 11 38 45 42 25 34 7 36 2 26 22 16 55 24 27 21 8 54 56 48 52 20 12 31 0 14 13 19 40 30 35 53 28 50 29 18 43 32 
15. Fitness: 5353815 Chromosome: 48 47 52 18 28 19 20 21 22 5 49 14 51 27 33 45 0 41 46 13 2 56 26 32 54 9 37 30 23 38 16 10 4 55 3 24 43 6 29 44 36 50 31 7 34 40 25 35 15 17 53 12 1 11 8 39 42 
16. Fitness: 5363116 Chromosome: 11 41 16 25 21 30 32 50 7 28 35 22 51 54 13 36 34 10 40 29 4 43 18 1 9 45 6 56 23 26 39 19 27 20 15 3 46 48 42 38 2 33 14 44 12 24 37 5 8 52 55 53 49 0 31 17 47 
17. Fitness: 5381817 Chromosome: 43 50 6 21 48 18 29 38 35 15 12 13 54 42 41 51 55 44 33 37 23 16 7 26 56 40 25 10 2 1 39 19 9 27 20 3 14 32 45 17 47 36 8 0 11 52 49 34 24 4 31 30 22 53 46 28 5 
18. Fitness: 5386218 Chromosome: 29 8 31 25 55 52 32 50 7 28 6 22 51 1 13 36 34 10 45 11 12 37 56 54 40 9 35 21 23 26 39 19 27 20 15 3 46 48 42 38 2 33 14 44 4 24 43 18 47 49 16 17 30 0 5 41 53 
19. Fitness: 5405019 Chromosome: 17 33 46 47 23 49 9 15 39 6 5 37 41 1 51 10 3 44 4 11 38 45 42 25 34 7 36 2 26 22 16 55 24 27 21 8 54 56 48 52 20 12 31 0 14 13 19 40 30 35 53 28 50 29 18 43 32 
20. Fitness: 5416420 Chromosome: 16 17 4 37 51 12 54 19 31 48 47 11 42 24 45 33 3 10 56 13 46 6 52 23 14 38 2 36 22 20 29 44 39 40 1 25 8 35 43 21 9 50 5 34 18 32 30 49 41 27 26 0 15 55 53 7 28 
21. Fitness: 5421621 Chromosome: 17 7 25 53 49 28 52 33 22 36 56 4 38 10 45 3 12 34 51 14 50 32 1 24 11 26 46 29 43 35 15 23 47 39 27 21 8 48 42 0 2 31 41 55 13 40 19 37 44 9 6 16 30 54 5 20 18 
22. Fitness: 5421822 Chromosome: 31 37 3 55 33 51 35 5 25 15 42 54 9 50 38 48 34 23 10 56 47 46 16 12 32 2 20 30 1 45 8 26 39 7 27 21 43 44 17 36 29 52 14 11 0 41 49 40 18 6 53 22 24 28 19 4 13 
23. Fitness: 5436023 Chromosome: 31 53 33 17 28 46 15 39 42 8 27 41 26 43 0 1 25 50 13 10 35 44 48 24 37 23 49 11 34 5 55 21 9 38 51 14 29 52 2 45 54 6 7 20 30 3 12 47 4 36 56 40 16 19 32 18 22 
24. Fitness: 5451124 Chromosome: 33 2 53 18 1 8 24 20 4 36 42 10 38 51 34 54 45 3 41 30 13 44 31 16 48 7 47 27 32 15 11 29 40 52 35 55 21 43 50 37 46 28 6 0 19 26 22 39 56 49 12 5 25 14 17 9 23 
25. Fitness: 5453025 Chromosome: 31 49 2 1 46 16 28 19 13 48 35 42 45 41 10 21 55 33 14 44 37 6 8 7 54 25 32 15 38 23 43 26 39 11 20 22 52 29 36 24 3 4 50 17 9 0 40 12 27 47 53 56 5 34 51 18 30 
26. Fitness: 5453126 Chromosome: 11 53 13 26 42 7 29 15 32 28 16 55 51 19 45 49 34 33 43 41 10 44 47 46 6 36 22 25 35 38 3 23 24 27 21 8 54 56 48 52 20 12 31 0 9 17 40 30 50 4 1 18 37 39 5 2 14 
27. Fitness: 5457127 Chromosome: 41 55 24 15 16 46 33 8 31 17 48 28 0 42 22 21 35 18 32 39 13 11 44 56 54 9 40 34 27 45 47 50 14 43 38 5 30 29 52 2 6 7 37 20 51 3 12 1 4 36 49 26 53 10 25 19 23 
28. Fitness: 5460528 Chromosome: 15 34 18 47 24 12 20 7 19 42 32 53 13 41 28 39 49 10 56 6 37 48 14 23 1 33 26 22 16 55 36 8 44 43 38 5 30 29 52 2 45 54 3 4 17 9 0 40 27 46 31 51 25 21 11 50 35 
29. Fitness: 5475629 Chromosome: 0 33 55 24 20 15 40 8 2 52 22 14 18 25 12 13 53 3 51 6 48 42 56 54 23 49 11 34 5 1 45 26 39 7 27 21 43 36 4 50 29 16 28 37 47 19 32 44 31 9 38 10 41 30 46 17 35 
30. Fitness: 5479530 Chromosome: 2 27 4 33 23 38 26 5 7 46 16 36 50 45 48 34 3 22 41 11 32 13 52 31 9 21 49 6 35 25 55 47 40 39 24 28 29 44 42 1 51 0 37 19 10 20 30 56 15 17 8 12 54 14 53 18 43 
31. Fitness: 5484031 Chromosome: 51 46 25 53 40 15 42 33 22 36 1 0 38 3 35 6 18 14 17 48 13 2 56 54 23 49 11 34 5 55 45 8 26 39 7 27 21 43 52 4 50 29 16 28 37 47 19 32 44 9 10 41 30 24 31 20 12 
32. Fitness: 5492632 Chromosome: 31 37 33 1 10 4 48 42 41 21 17 25 9 56 6 20 18 50 36 47 16 28 23 24 38 26 44 22 27 32 15 11 29 40 52 35 55 2 19 43 8 54 46 0 3 53 13 39 12 34 49 30 14 51 7 45 5 
33. Fitness: 5516233 Chromosome: 30 20 6 51 24 3 9 49 33 22 1 16 23 39 40 43 10 56 47 13 17 34 0 36 18 31 25 32 46 45 50 52 11 27 21 8 41 48 14 55 37 54 19 4 38 2 35 7 26 12 5 15 53 44 42 28 29 
34. Fitness: 5525034 Chromosome: 56 42 33 22 18 19 7 29 20 36 27 15 11 34 54 45 3 41 2 13 44 53 23 38 8 43 10 39 35 51 1 9 26 52 21 14 40 12 32 24 5 16 55 49 4 0 30 48 47 50 31 25 17 28 46 37 6 
35. Fitness: 5538435 Chromosome: 28 23 5 31 16 51 4 22 45 38 55 18 26 35 6 1 3 10 56 47 46 9 54 11 40 34 27 30 13 12 50 37 2 15 29 14 20 42 32 44 48 17 36 8 0 25 52 49 43 24 39 21 41 7 19 33 53 
36. Fitness: 5550936 Chromosome: 47 4 25 53 23 37 32 31 51 34 16 44 48 9 11 14 15 18 22 28 19 45 38 42 7 36 6 35 52 26 1 21 43 3 5 30 29 39 2 24 54 10 8 50 17 12 0 40 27 46 56 41 33 13 55 20 49 
37. Fitness: 5559837 Chromosome: 31 32 37 35 38 4 48 51 27 33 10 9 21 22 14 0 18 2 36 47 55 11 45 44 1 50 6 3 20 17 49 42 23 26 52 25 8 40 12 24 5 16 41 56 53 13 43 39 19 34 15 30 46 28 7 29 54 
38. Fitness: 5574438 Chromosome: 27 22 51 55 39 23 13 5 21 35 25 15 42 54 50 45 48 34 1 10 56 47 46 9 16 12 43 52 2 20 30 38 26 4 14 40 3 32 44 17 36 8 6 0 31 18 24 49 11 41 33 28 53 19 37 29 7 
39. Fitness: 5581239 Chromosome: 9 22 5 18 1 8 24 20 36 42 28 38 51 34 54 45 3 41 30 13 44 31 16 48 7 47 27 23 15 26 29 50 12 46 55 2 14 33 17 4 25 6 37 0 19 32 11 52 56 49 10 40 53 35 39 43 21 
40. Fitness: 5588040 Chromosome: 31 35 53 21 20 6 52 0 15 9 8 13 48 42 41 51 12 34 37 1 16 7 19 56 45 25 10 2 23 50 38 26 4 55 14 40 3 32 44 36 39 27 54 18 30 22 47 24 33 46 17 49 11 43 5 28 29 
41. Fitness: 5592341 Chromosome: 32 33 22 47 18 19 7 28 20 36 42 15 11 34 50 14 55 41 25 13 49 53 23 12 56 8 26 10 39 35 51 1 21 43 38 5 30 29 52 2 45 54 3 4 17 9 0 40 27 46 31 48 44 24 16 37 6 
42. Fitness: 5654442 Chromosome: 49 21 3 4 29 17 5 34 23 36 27 46 33 7 45 37 41 44 55 11 13 2 26 14 56 25 31 1 51 10 38 47 20 52 24 43 6 54 22 32 48 50 9 30 19 40 16 35 15 0 8 12 39 42 53 18 28 
43. Fitness: 5664043 Chromosome: 27 5 2 20 7 56 17 4 8 14 30 36 50 45 48 34 3 22 41 11 32 13 52 31 9 21 49 6 35 25 55 47 40 39 24 28 29 44 42 1 51 0 37 19 15 46 43 38 26 16 33 12 23 54 10 18 53 
44. Fitness: 5666344 Chromosome: 34 53 33 10 0 44 9 30 7 40 6 55 12 41 52 29 47 14 45 25 51 23 18 32 38 2 26 56 11 48 1 15 43 13 19 20 3 28 39 17 36 4 50 35 21 46 24 49 27 31 37 42 54 5 8 22 16 
45. Fitness: 5677945 Chromosome: 39 33 22 37 51 7 24 20 36 42 27 38 1 34 54 45 3 41 30 13 44 31 16 48 8 26 10 32 15 11 29 40 52 35 55 2 19 56 43 21 9 50 5 49 4 0 14 12 47 23 53 25 17 28 46 18 6 
46. Fitness: 5680746 Chromosome: 31 37 23 45 13 16 0 20 19 7 32 42 44 48 11 14 15 18 22 28 36 24 3 55 12 8 26 10 39 35 51 1 21 43 38 5 30 29 52 2 6 25 27 34 41 33 50 49 40 9 47 53 17 46 56 4 54 
47. Fitness: 5686847 Chromosome: 31 37 30 55 50 13 51 11 39 19 34 6 21 42 41 45 33 1 10 56 47 46 9 5 23 35 38 2 43 26 22 16 12 15 14 20 3 32 44 48 17 36 8 0 25 52 49 40 18 27 53 29 24 28 7 4 54 
48. Fitness: 5688448 Chromosome: 13 33 46 22 49 14 15 39 2 31 37 41 1 51 10 25 20 44 19 11 38 45 42 34 7 36 6 35 26 30 23 24 55 16 21 8 54 28 48 52 3 4 50 17 9 0 40 12 27 47 53 56 5 29 18 43 32 
49. Fitness: 5699949 Chromosome: 52 19 48 51 43 3 24 49 33 17 32 30 27 1 7 2 0 41 34 4 20 47 28 56 55 21 45 6 35 16 9 13 38 39 36 15 42 50 12 25 54 26 44 31 18 10 40 8 5 23 37 46 53 22 14 11 29 
50. Fitness: 5706050 Chromosome: 30 41 32 17 47 50 28 18 16 25 29 7 51 15 1 13 36 34 10 45 11 12 37 56 54 40 9 35 21 23 26 39 19 27 20 3 46 48 42 38 2 33 14 44 4 24 43 5 8 52 55 53 49 0 31 22 6 
51. Fitness: 5712351 Chromosome: 1 29 9 41 45 30 33 48 40 31 24 35 42 10 39 7 4 51 43 8 56 13 46 23 14 38 54 26 22 15 53 47 20 12 27 25 36 17 50 55 16 28 3 34 19 32 11 52 2 49 21 0 18 6 37 5 44 
52. Fitness: 5721352 Chromosome: 3 1 54 11 49 51 15 24 12 6 5 41 48 35 2 28 26 4 31 22 45 7 18 13 10 56 9 25 34 27 30 47 50 55 14 40 32 44 33 17 36 29 52 39 37 43 20 38 16 23 53 19 42 46 8 0 21 
53. Fitness: 5758153 Chromosome: 27 4 49 40 7 35 0 39 19 32 48 21 42 41 45 3 10 56 47 13 46 9 5 23 14 38 2 26 22 30 16 55 20 52 24 43 6 54 29 1 51 17 37 8 15 11 28 36 50 25 33 12 31 44 34 18 53 
54. Fitness: 5765554 Chromosome: 17 31 45 46 36 49 42 30 39 5 47 37 10 33 41 12 34 13 14 50 16 28 23 24 38 26 44 22 27 32 15 11 29 40 52 35 55 2 19 43 8 54 51 25 0 3 20 56 21 6 4 53 1 9 18 48 7 
55. Fitness: 5774155 Chromosome: 19 24 31 51 13 3 35 5 25 15 42 54 50 38 48 34 23 10 56 47 46 9 16 12 32 2 20 30 40 1 45 8 26 39 7 27 21 43 44 17 36 29 52 33 6 37 4 14 11 55 41 49 0 22 18 53 28 
56. Fitness: 5784756 Chromosome: 25 53 31 12 24 17 42 0 22 51 15 20 3 35 8 13 28 14 33 48 56 6 2 54 23 49 11 34 5 1 45 26 39 7 27 21 43 36 4 50 29 16 18 37 47 19 32 44 9 38 10 41 30 52 40 46 55 
57. Fitness: 5805357 Chromosome: 40 46 22 30 27 9 0 11 13 50 48 18 41 36 51 16 44 34 4 20 17 28 56 55 23 45 25 35 15 6 43 26 53 39 19 12 1 5 47 21 38 3 42 52 49 33 24 7 37 10 31 8 14 32 29 54 2 
58. Fitness: 5821758 Chromosome: 42 49 15 28 18 7 20 14 19 13 55 33 41 34 6 45 22 50 56 47 25 32 53 23 12 8 26 10 39 35 51 1 21 43 38 5 30 29 52 2 36 54 3 4 17 9 0 40 27 46 31 48 44 24 37 11 16 
59. Fitness: 5833059 Chromosome: 22 48 7 24 30 36 9 29 5 47 37 32 33 41 12 34 13 55 40 16 28 45 44 1 50 6 3 0 10 49 51 23 26 52 21 14 2 19 43 8 54 46 17 18 56 27 11 15 31 53 35 4 42 25 39 20 38 
60. Fitness: 5847260 Chromosome: 42 14 43 30 19 9 0 11 24 50 48 33 41 36 51 16 25 44 34 52 20 47 28 56 55 49 45 35 15 6 1 39 7 27 21 32 13 17 12 38 54 26 4 31 18 10 40 8 5 23 37 46 53 22 29 3 2 
61. Fitness: 5852161 Chromosome: 11 52 47 31 54 26 36 20 4 9 48 35 42 13 41 17 18 56 55 22 24 43 45 32 12 6 27 0 5 49 51 23 2 21 14 40 3 29 44 1 50 38 10 33 53 16 8 39 19 34 15 30 46 28 7 37 25 
62. Fitness: 5856762 Chromosome: 42 49 15 28 18 7 20 14 19 13 55 33 41 34 6 36 22 56 47 25 32 53 23 12 50 8 26 10 39 35 51 29 21 43 38 5 30 1 52 2 45 54 3 4 17 9 0 40 27 46 31 48 44 24 37 11 16 
63. Fitness: 5870663 Chromosome: 0 12 26 22 43 56 9 49 33 17 1 32 37 50 3 36 28 39 10 45 19 6 20 30 16 48 7 47 27 15 11 29 40 23 25 21 8 41 52 14 55 54 4 31 38 42 24 2 34 18 46 53 13 44 5 51 35 
64. Fitness: 5877964 Chromosome: 8 0 48 46 21 51 17 5 19 42 1 53 3 13 41 28 39 9 10 56 45 37 27 23 14 16 38 12 26 22 55 4 32 11 52 24 43 6 54 29 44 36 50 31 7 34 40 25 35 15 18 30 47 20 33 49 2 
65. Fitness: 5885065 Chromosome: 14 0 31 51 13 3 35 5 25 15 42 45 54 50 38 48 34 23 10 20 47 46 9 16 2 7 12 56 30 1 8 26 39 32 27 21 43 44 17 36 29 52 33 55 37 22 49 40 19 18 24 28 11 4 41 53 6 
66. Fitness: 5889166 Chromosome: 14 43 11 7 30 9 50 2 8 40 45 32 10 4 41 55 12 23 25 34 44 48 24 37 26 56 35 46 51 1 21 6 38 5 20 22 52 29 36 33 3 49 47 0 31 18 13 54 15 17 28 16 19 42 53 39 27 
67. Fitness: 5905767 Chromosome: 51 46 25 53 47 40 15 42 33 22 44 1 0 38 37 35 50 18 14 17 48 13 43 56 32 23 49 11 34 5 55 52 8 26 39 29 27 21 2 45 54 6 7 20 30 3 12 4 36 9 10 41 28 24 31 16 19 
68. Fitness: 5911268 Chromosome: 30 40 38 9 18 25 13 6 46 36 20 0 56 10 15 3 12 31 51 14 2 24 1 54 23 49 11 34 5 55 45 8 26 39 7 27 21 43 52 4 50 29 16 28 37 47 19 32 44 22 53 35 48 42 17 33 41 
69. Fitness: 5924569 Chromosome: 27 22 24 55 39 23 13 21 35 5 25 15 42 36 50 45 48 34 1 10 31 47 49 9 16 12 43 52 2 20 30 38 26 4 14 40 3 32 44 6 54 46 17 18 56 0 51 8 11 41 33 28 53 19 37 29 7 
70. Fitness: 5949070 Chromosome: 18 22 50 38 46 41 37 49 33 17 4 52 23 39 40 43 10 56 47 13 24 34 51 0 36 15 16 28 11 35 7 1 26 55 27 21 8 54 2 48 42 20 12 31 6 9 32 3 19 25 53 29 5 44 30 45 14 
71. Fitness: 5986671 Chromosome: 6 31 22 18 40 49 24 4 35 14 12 21 51 15 7 45 0 41 11 13 2 3 56 26 50 46 54 9 32 34 27 30 47 55 5 1 25 8 43 36 29 52 33 39 37 17 20 38 16 23 53 19 42 44 48 28 10 
72. Fitness: 5991072 Chromosome: 5 42 4 28 52 53 41 37 27 33 17 25 9 56 8 20 18 2 36 47 55 11 45 44 1 50 6 3 0 10 49 51 23 26 21 14 40 12 32 43 38 19 24 31 7 39 22 35 48 30 13 16 29 54 34 46 15 
73. Fitness: 6018173 Chromosome: 9 29 33 22 18 27 17 24 36 5 12 14 51 30 7 45 0 41 11 13 46 21 26 49 32 54 4 56 16 1 15 47 23 2 40 25 43 55 44 42 20 48 35 50 37 10 31 19 8 52 53 28 38 39 34 3 6 
74. Fitness: 6034574 Chromosome: 3 32 6 15 2 9 43 11 5 47 37 10 33 41 46 49 51 17 42 4 18 25 23 14 30 38 54 26 35 7 45 24 55 27 21 8 36 56 48 52 20 12 31 28 0 34 13 19 40 16 22 53 50 29 39 44 1 
75. Fitness: 6035475 Chromosome: 23 4 31 51 13 2 35 45 32 55 14 54 53 40 18 48 34 44 10 33 46 9 16 12 37 3 5 47 43 27 21 20 19 39 28 15 42 50 56 25 1 17 36 8 0 11 52 49 24 30 41 7 29 26 38 6 22 
76. Fitness: 6047376 Chromosome: 14 0 31 36 51 13 3 35 5 25 15 42 54 50 38 48 34 23 10 56 47 46 9 16 12 32 2 20 30 1 45 8 26 39 7 27 21 43 44 17 29 52 33 55 37 22 49 40 19 18 24 28 11 4 41 53 6 
77. Fitness: 6060577 Chromosome: 53 22 28 25 10 45 35 4 51 18 13 5 6 42 2 55 56 43 1 31 38 47 46 9 16 20 33 21 12 26 39 19 27 23 15 14 40 3 32 44 48 17 36 8 0 11 52 49 24 30 37 41 7 29 50 54 34 
78. Fitness: 6061978 Chromosome: 12 15 24 36 51 0 53 17 5 48 29 6 41 45 7 31 10 14 46 47 2 56 26 32 54 9 40 30 23 38 16 8 4 55 43 20 3 42 44 21 25 34 52 33 39 37 22 49 27 19 50 35 1 11 13 18 28 
79. Fitness: 6071679 Chromosome: 14 0 31 51 13 3 35 5 25 15 42 54 50 38 48 34 23 10 56 47 46 9 16 12 32 2 20 30 1 21 45 8 26 39 7 27 43 44 17 36 29 52 33 55 37 22 49 40 19 18 24 28 11 4 41 53 6 
80. Fitness: 6105480 Chromosome: 29 19 54 0 49 9 10 39 1 52 18 20 35 51 27 43 6 12 34 13 14 50 32 22 24 11 26 56 15 23 47 37 16 7 21 8 36 48 44 42 40 55 30 46 4 3 38 41 2 31 25 33 53 28 5 17 45 
81. Fitness: 6107681 Chromosome: 28 38 31 48 13 18 21 35 5 30 15 50 54 42 41 25 55 44 33 37 23 16 7 26 56 36 51 19 2 14 1 39 10 27 20 3 32 45 17 47 40 8 0 11 52 49 34 24 4 12 43 9 29 53 46 6 22 
82. Fitness: 6115882 Chromosome: 29 41 16 54 18 30 32 50 9 43 28 6 22 21 27 13 35 34 10 45 11 12 23 42 25 46 7 36 51 19 47 49 15 37 1 52 40 48 56 38 2 33 14 44 4 24 20 5 8 3 55 53 39 0 31 17 26 
83. Fitness: 6123683 Chromosome: 15 33 11 7 19 8 3 20 4 9 29 48 35 42 41 17 18 56 55 22 24 43 45 44 1 13 6 0 10 2 31 49 26 16 52 14 40 32 47 5 50 38 54 21 30 23 39 34 36 46 12 25 37 51 53 28 27 
84. Fitness: 6140684 Chromosome: 17 33 52 47 49 42 15 39 2 5 37 41 11 51 10 3 21 4 1 6 25 9 23 14 38 54 26 8 7 30 56 24 55 29 44 35 34 45 53 46 20 12 31 28 0 36 13 19 40 16 22 48 50 27 18 43 32 
85. Fitness: 6142685 Chromosome: 40 47 50 25 46 51 17 7 19 42 43 53 3 13 41 28 39 9 10 56 6 37 27 23 2 14 38 54 26 22 55 4 29 44 8 11 1 45 12 32 24 5 16 0 36 52 49 33 35 48 18 34 15 20 21 31 30 
86. Fitness: 6153886 Chromosome: 28 8 24 4 12 17 5 32 23 21 27 46 31 40 45 37 41 52 55 11 13 2 26 14 56 25 3 54 1 44 10 29 19 18 48 39 15 47 51 38 34 42 33 35 36 0 49 30 22 7 53 9 20 16 43 6 50 
87. Fitness: 6168387 Chromosome: 29 41 16 25 18 30 38 50 7 28 6 22 51 1 13 33 34 15 10 45 4 12 37 56 54 46 9 35 21 39 26 19 27 23 14 40 3 32 44 48 17 36 8 0 11 52 49 43 20 24 55 53 5 42 31 2 47 
88. Fitness: 6182588 Chromosome: 48 15 40 16 20 42 17 39 2 5 37 41 11 51 10 3 44 4 1 6 25 9 23 14 38 54 26 35 7 30 45 24 55 27 21 8 36 56 53 46 22 12 28 18 52 49 43 33 32 13 29 0 31 47 50 19 34 
89. Fitness: 6235489 Chromosome: 17 33 12 46 30 49 9 10 0 1 52 18 20 35 51 43 6 34 13 14 50 42 22 24 11 26 56 15 23 47 37 16 7 2 40 3 32 44 36 39 27 31 41 55 4 21 54 19 25 5 53 28 38 29 48 8 45 
90. Fitness: 6244290 Chromosome: 3 7 6 55 39 23 13 45 5 47 37 10 33 41 12 34 48 14 50 16 28 9 24 38 26 44 22 27 32 15 11 29 40 52 35 30 2 19 43 8 54 46 17 18 56 0 51 49 31 53 21 4 42 25 36 20 1 
91. Fitness: 6260991 Chromosome: 52 20 48 51 43 56 24 49 33 54 25 30 39 7 34 31 41 2 1 19 38 26 12 9 21 45 6 35 16 55 13 47 27 23 15 14 40 3 32 44 17 36 8 0 18 10 50 4 5 28 37 46 29 53 22 42 11 
92. Fitness: 6316992 Chromosome: 53 48 11 18 46 32 34 6 31 24 29 35 42 10 39 7 52 51 43 8 41 56 13 37 23 1 44 21 20 22 36 16 28 30 38 5 14 47 2 45 33 3 4 50 17 9 0 40 12 15 19 55 25 27 26 49 54 
93. Fitness: 6364193 Chromosome: 53 48 50 18 46 17 34 40 35 5 31 42 10 39 7 4 51 43 8 41 56 13 37 23 1 9 21 49 20 0 36 16 28 30 38 24 14 29 47 2 45 54 3 6 11 32 44 22 52 33 15 19 55 25 27 26 12 
94. Fitness: 6389794 Chromosome: 53 40 51 49 17 37 32 31 19 34 16 44 48 11 14 15 18 22 8 28 36 24 3 55 12 26 10 35 52 39 30 23 45 29 50 9 1 7 43 13 2 38 56 54 46 6 47 0 33 27 21 4 41 20 5 25 42 
95. Fitness: 6398795 Chromosome: 43 49 4 28 12 17 5 32 23 21 27 46 33 40 45 37 41 52 55 11 13 2 26 18 48 8 56 10 39 50 29 1 14 30 19 15 47 51 38 54 34 42 3 35 20 31 0 44 22 53 6 9 7 24 36 25 16 
96. Fitness: 6410396 Chromosome: 55 25 50 47 49 9 15 39 12 52 14 20 35 43 6 1 44 4 11 38 45 5 16 18 37 56 51 10 30 23 42 26 27 24 21 8 54 22 48 41 36 28 31 0 32 17 40 2 19 33 53 29 46 3 34 13 7 
97. Fitness: 6428497 Chromosome: 53 5 48 50 18 46 41 37 49 33 17 4 52 51 39 40 43 10 56 47 13 1 34 0 36 15 16 28 11 35 3 23 24 55 27 21 8 14 29 2 45 54 7 20 32 44 22 42 31 9 19 38 25 30 26 6 12 
98. Fitness: 6561398 Chromosome: 3 53 24 55 39 23 13 17 14 12 52 20 35 43 6 1 44 4 11 38 45 5 28 18 37 56 51 10 30 9 34 26 19 7 27 21 8 36 48 0 2 31 41 47 15 46 32 49 16 42 33 40 54 50 22 25 29 
99. Fitness: 6595799 Chromosome: 31 33 7 26 51 49 8 50 13 48 35 42 41 24 10 39 55 18 22 21 44 37 23 46 53 1 9 20 0 36 16 28 30 38 5 14 29 47 2 45 54 3 40 11 17 32 6 4 12 27 52 56 19 43 15 25 34 
