Recombination Probability: 80
Mutation Probability: 60
Population Size: 100
Maximum Number Of Generations: 10000
Crossover Operator: Order One Crossover
Mutation Operator: Insert Mutation
0. Fitness: 489880 Chromosome: 54 12 15 27 43 6 49 1 37 18 0 9 40 14 19 28 45 44 10 29 16 35 48 42 46 13 5 2 26 39 33 17 11 8 25 24 23 34 32 22 3 47 30 38 41 4 7 31 55 36 50 53 21 20 51 56 52 
1. Fitness: 499311 Chromosome: 10 38 15 6 3 34 36 17 31 8 1 32 18 23 14 42 35 19 54 45 46 47 28 13 20 40 37 21 51 53 43 0 26 49 48 4 39 9 44 25 27 33 7 55 2 30 11 41 56 50 52 16 12 24 29 5 22 
2. Fitness: 499982 Chromosome: 12 4 11 38 23 3 53 32 7 41 43 20 56 55 51 6 47 36 40 29 25 48 42 46 13 21 54 24 33 27 18 45 1 35 26 5 17 10 15 52 44 2 49 39 19 0 50 28 22 30 9 31 8 34 14 37 16 
3. Fitness: 505433 Chromosome: 54 12 15 27 43 6 49 1 37 18 0 9 40 14 19 28 45 44 10 29 16 35 48 42 46 13 5 2 26 39 33 17 11 8 25 24 23 34 32 22 3 47 30 41 4 7 31 55 36 50 38 53 21 20 51 56 52 
4. Fitness: 505454 Chromosome: 54 12 15 27 43 6 49 1 37 18 0 9 40 14 19 28 45 44 10 29 16 35 48 42 46 13 5 2 26 39 33 17 11 8 25 24 23 34 31 32 22 3 47 30 41 4 7 55 36 50 38 53 21 20 51 56 52 
5. Fitness: 506815 Chromosome: 7 56 34 23 17 38 26 37 10 18 21 27 15 0 33 54 30 28 42 51 55 9 43 31 36 4 41 45 11 50 13 14 47 20 32 24 49 16 52 44 3 46 48 53 12 6 35 5 1 29 25 2 22 19 39 40 8 
6. Fitness: 507406 Chromosome: 2 50 23 37 15 36 27 52 54 25 51 20 53 10 0 33 34 30 56 28 14 18 4 22 9 17 55 42 12 11 16 1 8 40 19 39 46 26 3 21 13 31 32 47 48 7 41 49 44 24 38 5 45 6 35 43 29 
7. Fitness: 508627 Chromosome: 36 4 27 53 32 7 2 41 9 43 20 55 10 0 33 34 30 56 28 42 47 13 44 16 14 51 6 39 22 45 11 50 24 21 18 49 52 17 3 25 46 48 29 12 26 19 35 37 8 40 1 5 15 23 38 54 31 
8. Fitness: 509428 Chromosome: 46 5 45 26 10 6 34 38 11 25 36 16 33 0 55 8 42 54 40 20 9 30 18 23 14 2 50 35 4 19 48 39 3 21 37 27 15 53 28 47 13 7 56 51 12 43 29 22 17 31 1 32 41 52 49 44 24 
9. Fitness: 511099 Chromosome: 1 35 23 44 3 4 11 12 53 41 2 49 30 26 34 32 47 9 27 15 0 51 10 16 25 43 48 42 46 13 19 50 21 54 22 37 18 52 6 45 28 5 24 55 8 36 40 31 38 17 29 7 56 20 33 14 39 
10. Fitness: 5113110 Chromosome: 23 44 3 4 33 14 11 12 53 41 2 49 30 9 20 56 55 51 6 47 36 40 29 16 25 48 42 46 13 50 37 21 54 31 24 22 27 18 45 1 28 35 34 39 19 26 5 8 0 17 10 15 52 38 43 32 7 
11. Fitness: 5141511 Chromosome: 33 11 38 10 21 1 56 50 5 26 27 49 55 43 54 6 47 48 45 28 23 14 18 16 19 9 24 41 13 36 29 2 25 20 34 46 42 12 8 52 51 44 15 4 7 39 17 31 35 32 30 53 40 3 0 22 37 
12. Fitness: 5153012 Chromosome: 27 52 54 25 38 10 53 34 30 19 28 42 47 14 11 22 6 45 48 9 4 35 32 3 29 2 36 40 31 8 15 20 12 13 0 26 17 43 44 33 7 55 5 18 51 16 39 49 37 46 50 21 56 41 23 24 1 
13. Fitness: 5160513 Chromosome: 47 14 29 34 1 36 40 30 4 38 39 2 8 9 17 35 20 32 23 27 15 3 51 10 16 25 43 48 42 46 13 19 50 21 54 22 37 41 18 52 6 45 28 11 49 5 24 12 0 26 44 56 55 31 33 53 7 
14. Fitness: 5175714 Chromosome: 20 22 13 40 7 6 5 41 18 0 56 37 17 55 10 28 42 15 21 1 16 35 44 12 30 24 29 39 11 25 34 46 36 38 26 43 33 51 49 50 54 45 9 23 14 2 19 48 3 27 47 53 8 31 32 52 4 
15. Fitness: 5180915 Chromosome: 41 49 52 44 24 38 5 45 6 34 20 53 10 0 33 30 56 28 42 47 13 40 16 14 7 11 22 18 43 48 19 55 12 9 4 35 46 32 23 50 21 3 29 2 36 31 39 8 1 17 26 37 15 27 54 25 51 
16. Fitness: 5183416 Chromosome: 23 14 27 4 1 22 52 49 9 13 34 46 50 12 38 24 29 11 32 45 28 47 42 31 26 48 36 30 37 2 51 16 7 41 18 20 15 19 39 17 43 44 25 40 33 54 6 8 5 0 55 10 35 3 21 56 53 
17. Fitness: 5242317 Chromosome: 38 10 21 1 56 50 27 54 6 47 48 45 28 23 14 19 9 24 41 36 29 2 25 34 46 8 52 15 4 31 35 32 20 42 12 13 26 17 43 44 33 7 55 5 0 18 51 16 39 49 30 53 40 3 22 37 11 
18. Fitness: 5261818 Chromosome: 33 34 30 47 44 14 0 56 53 12 9 4 35 20 32 27 15 3 51 10 16 25 43 48 42 46 19 50 21 11 38 13 23 39 54 22 37 41 18 52 6 45 28 49 5 24 55 8 36 40 31 17 29 1 7 2 26 
19. Fitness: 5268119 Chromosome: 36 40 33 13 20 14 19 12 26 55 18 21 11 27 56 45 47 28 23 52 54 44 5 4 16 2 51 15 43 39 42 25 1 49 50 48 46 35 30 29 6 8 38 53 24 34 31 3 17 41 37 0 10 22 7 32 9 
20. Fitness: 5312920 Chromosome: 37 17 18 21 15 52 49 13 20 33 39 32 38 3 47 48 2 23 16 30 34 10 9 43 31 36 4 41 6 45 11 50 25 12 8 22 44 55 1 24 53 54 14 46 42 26 27 51 29 28 35 19 40 7 5 0 56 
21. Fitness: 5317521 Chromosome: 52 54 25 20 53 0 56 19 42 47 13 44 16 32 14 7 11 22 18 43 6 49 48 55 12 9 24 35 23 50 21 29 51 5 15 4 28 33 17 30 34 10 37 41 3 8 38 46 45 2 36 40 31 39 1 26 27 
22. Fitness: 5331022 Chromosome: 47 45 28 23 7 16 51 9 24 41 36 34 46 42 8 52 44 15 14 50 4 43 2 26 49 48 39 19 11 13 18 20 5 12 27 29 25 55 54 38 3 37 35 10 22 17 31 1 32 40 30 33 21 53 56 0 6 
23. Fitness: 5332323 Chromosome: 11 32 6 39 7 3 43 1 37 0 9 40 14 28 45 44 10 29 35 48 18 16 19 42 46 13 50 21 54 20 56 55 51 31 36 33 27 24 41 22 17 12 5 15 4 53 47 52 25 34 26 38 8 2 23 49 30 
24. Fitness: 5333824 Chromosome: 55 34 52 51 41 43 29 2 14 25 48 39 7 23 50 24 22 3 0 54 44 9 36 6 40 30 1 28 4 11 38 15 20 12 13 26 17 33 5 18 16 49 46 21 56 31 53 10 8 27 47 19 45 32 42 35 37 
25. Fitness: 5362025 Chromosome: 27 15 52 54 25 38 10 51 20 53 0 33 34 30 56 42 47 13 44 16 14 7 11 22 41 18 43 6 45 5 48 55 12 24 4 31 35 46 19 39 9 40 28 49 32 23 50 21 3 29 2 36 8 17 1 26 37 
26. Fitness: 5375026 Chromosome: 21 53 11 0 43 6 47 48 45 28 23 7 18 16 9 24 41 13 36 20 34 46 42 8 52 51 56 44 15 14 50 4 5 19 12 26 27 39 2 29 25 49 55 54 38 3 37 35 10 22 17 31 1 32 40 30 33 
27. Fitness: 5379627 Chromosome: 3 43 37 0 9 40 14 44 10 18 19 13 21 20 56 51 31 36 33 41 22 17 12 5 15 52 2 26 55 27 39 42 25 1 28 49 50 47 48 4 23 46 45 16 35 30 29 54 6 8 38 53 24 34 11 7 32 
28. Fitness: 5397728 Chromosome: 32 40 33 23 56 30 44 14 7 0 51 10 22 37 52 11 49 16 19 9 24 55 41 43 13 36 6 2 25 38 18 34 46 50 54 12 5 4 8 48 20 39 3 21 29 53 17 45 15 28 47 42 31 26 1 27 35 
29. Fitness: 5441529 Chromosome: 56 30 44 14 8 7 0 51 10 22 37 52 11 49 16 19 9 24 21 6 50 12 55 41 43 13 36 2 25 38 18 34 46 54 5 4 48 20 39 3 29 53 17 45 15 28 47 42 31 26 1 27 35 32 40 33 23 
30. Fitness: 5448830 Chromosome: 47 56 53 31 1 32 40 30 22 37 28 4 11 38 15 26 17 43 44 33 23 14 18 16 19 9 24 41 13 36 29 2 25 20 34 46 42 12 8 52 51 7 55 5 0 39 49 50 54 21 45 10 6 35 48 3 27 
31. Fitness: 5456131 Chromosome: 31 1 36 6 33 18 21 53 11 13 45 48 47 28 23 54 44 4 16 2 15 43 41 39 38 14 8 27 40 7 55 30 26 3 37 20 32 24 49 9 35 29 25 34 0 10 42 50 22 56 52 51 5 12 19 46 17 
32. Fitness: 5489332 Chromosome: 33 0 55 54 45 23 31 18 32 48 40 56 16 22 53 41 24 38 13 36 20 34 46 42 8 52 51 44 15 14 50 4 5 19 12 26 27 3 39 47 28 10 7 43 21 37 25 1 49 35 30 9 17 6 29 2 11 
33. Fitness: 5499433 Chromosome: 41 43 29 48 2 8 27 14 25 39 23 50 24 22 3 0 54 44 9 36 6 40 30 1 33 18 21 20 53 11 13 56 45 12 28 26 46 37 35 16 49 5 32 15 10 47 42 19 38 4 7 17 31 55 34 52 51 
34. Fitness: 5502734 Chromosome: 17 10 15 3 34 48 12 38 52 41 43 20 55 39 22 30 50 1 32 9 36 6 33 18 21 11 13 56 45 47 16 19 8 25 44 23 24 53 54 14 46 42 31 26 27 51 29 28 35 4 49 2 5 40 7 0 37 
35. Fitness: 5516935 Chromosome: 36 33 18 21 56 45 2 49 5 17 15 35 40 0 10 13 32 3 20 34 48 30 11 22 9 12 47 16 38 6 52 19 8 25 44 55 1 23 50 24 53 54 14 46 42 31 26 27 51 29 28 37 4 7 41 43 39 
36. Fitness: 5536236 Chromosome: 7 41 0 43 37 17 10 15 36 13 3 20 34 30 11 22 9 12 38 6 52 19 8 25 44 55 1 23 50 54 14 46 31 47 32 18 24 53 49 33 16 42 56 48 28 21 26 27 51 29 35 4 45 2 39 5 40 
37. Fitness: 5555537 Chromosome: 10 18 42 21 9 51 1 49 13 36 56 45 47 28 23 52 54 44 5 4 16 33 27 39 32 38 3 53 50 48 35 30 29 34 11 2 25 46 8 20 15 12 26 24 22 14 19 31 40 7 6 41 0 43 37 17 55 
38. Fitness: 5571738 Chromosome: 11 32 6 39 7 3 43 1 37 0 9 40 14 28 45 44 10 29 4 35 48 18 16 19 42 46 13 50 21 54 20 2 25 49 47 23 30 8 38 53 24 34 31 17 41 15 22 36 33 56 52 51 5 12 26 55 27 
39. Fitness: 5577339 Chromosome: 13 24 17 1 32 36 46 33 9 2 16 31 21 8 54 18 53 7 41 28 45 11 43 20 56 55 51 6 39 47 22 23 52 44 5 15 4 38 26 3 49 29 27 12 35 25 14 30 37 40 34 0 10 42 50 48 19 
40. Fitness: 5578240 Chromosome: 46 53 45 21 11 13 20 56 52 54 12 48 28 33 17 8 34 23 18 32 22 44 5 4 16 2 51 15 43 41 39 26 38 14 27 40 7 55 30 3 49 37 35 24 29 25 6 47 19 31 1 9 36 0 10 42 50 
41. Fitness: 5584441 Chromosome: 17 34 5 25 7 41 32 1 55 14 21 53 56 47 23 43 26 45 40 52 36 4 11 15 20 42 12 13 46 30 18 51 9 2 16 22 37 19 39 28 49 6 8 38 35 44 27 0 48 29 3 31 50 33 10 24 54 
42. Fitness: 5586542 Chromosome: 17 31 1 32 23 48 36 37 2 51 55 53 0 33 34 30 56 19 28 42 47 13 44 16 14 7 11 22 41 18 43 6 45 49 5 20 10 15 39 9 40 54 8 4 38 46 27 35 24 29 12 26 25 52 3 21 50 
43. Fitness: 5615443 Chromosome: 55 36 40 29 44 24 25 37 53 38 3 7 9 14 0 42 35 21 6 50 12 27 43 2 26 49 48 39 19 11 13 18 20 56 45 47 16 52 54 51 5 15 4 28 33 17 8 30 34 10 41 23 22 46 31 1 32 
44. Fitness: 5624744 Chromosome: 37 17 55 18 21 51 15 1 31 49 13 20 36 56 45 47 28 23 52 54 44 5 4 16 33 27 39 32 38 3 53 48 2 46 35 30 29 34 11 25 12 26 24 8 22 9 14 19 40 10 42 50 7 6 41 0 43 
45. Fitness: 5635745 Chromosome: 52 51 28 30 0 2 36 17 31 12 55 9 33 18 21 29 16 48 42 22 37 43 45 11 15 26 5 8 27 50 44 35 4 49 19 54 20 39 3 53 34 7 25 10 41 24 1 46 38 23 14 32 40 6 13 56 47 
46. Fitness: 5640146 Chromosome: 46 17 31 1 36 33 18 21 11 13 45 23 15 14 16 53 32 7 2 41 9 24 43 55 20 56 51 6 39 47 22 52 44 5 4 38 26 3 49 29 27 12 35 25 30 37 40 34 0 10 42 50 48 19 28 8 54 
47. Fitness: 5661247 Chromosome: 23 50 24 22 3 0 9 15 36 6 30 1 33 18 21 52 54 44 5 2 51 43 41 39 38 14 27 40 7 53 11 13 56 45 12 28 26 46 37 35 16 49 32 34 17 31 47 55 42 4 10 20 19 8 29 25 48 
48. Fitness: 5672248 Chromosome: 22 9 0 35 1 21 6 43 49 48 11 18 56 45 47 16 54 24 41 13 36 20 34 46 42 8 52 51 44 15 14 50 4 5 19 12 26 27 39 2 29 25 28 33 17 30 10 37 3 55 40 31 38 7 53 32 23 
49. Fitness: 5674649 Chromosome: 13 54 22 37 55 23 9 36 40 42 38 46 0 8 53 14 35 21 6 50 12 27 43 2 26 49 48 39 19 41 18 52 28 1 30 45 11 5 24 31 17 29 7 33 34 47 44 56 4 20 32 15 3 51 10 16 25 
50. Fitness: 5692850 Chromosome: 32 23 22 9 14 0 42 21 6 50 12 27 43 26 49 48 19 11 13 18 51 2 38 54 39 36 20 56 47 16 52 5 15 4 28 33 17 30 34 10 37 41 3 53 8 46 45 35 44 24 31 55 25 40 29 7 1 
51. Fitness: 5695351 Chromosome: 7 43 0 41 18 56 5 40 37 17 10 21 15 36 33 13 32 3 20 34 48 30 11 22 9 12 47 16 38 6 52 19 8 25 44 55 1 23 50 24 53 54 14 46 42 31 26 27 51 29 28 35 4 49 45 2 39 
52. Fitness: 5702552 Chromosome: 6 39 7 43 1 0 9 40 5 14 28 45 44 10 29 4 35 48 18 16 19 42 46 13 50 21 54 2 25 49 47 23 30 8 38 26 3 37 20 32 53 24 34 31 17 41 15 22 36 33 56 52 51 12 55 27 11 
53. Fitness: 5704253 Chromosome: 16 31 8 1 30 18 22 34 46 38 36 23 14 32 53 40 35 21 6 9 50 12 27 43 2 26 49 48 39 19 11 13 44 4 54 20 3 29 7 25 41 56 37 10 28 51 15 52 45 47 24 5 17 55 42 33 0 
54. Fitness: 5705754 Chromosome: 44 10 29 48 13 5 26 11 25 36 33 0 55 42 40 20 9 30 23 14 2 35 4 19 17 8 12 24 34 32 22 3 47 41 7 31 38 53 21 56 52 15 27 43 6 18 51 16 39 49 46 50 54 1 37 28 45 
55. Fitness: 5708255 Chromosome: 20 47 16 52 51 5 15 4 14 25 48 39 23 50 24 22 3 0 54 44 9 36 6 40 30 1 33 18 21 53 11 13 56 45 12 28 27 17 34 10 37 41 8 38 46 35 31 55 29 7 32 42 43 2 26 49 19 
56. Fitness: 5721756 Chromosome: 10 48 2 47 19 6 14 29 34 32 42 54 40 3 52 36 30 22 37 11 15 20 12 13 0 17 43 33 55 5 18 51 16 50 26 27 4 39 1 28 49 8 38 46 45 35 44 31 7 41 21 56 23 24 9 25 53 
57. Fitness: 5730057 Chromosome: 6 41 18 0 56 17 55 1 52 31 36 30 50 14 32 33 16 48 12 26 19 40 34 2 28 49 9 13 10 20 29 24 22 43 8 46 4 35 39 21 51 37 11 53 38 5 15 3 7 25 45 44 47 42 27 23 54 
58. Fitness: 5739958 Chromosome: 27 51 16 53 39 10 37 1 22 38 3 52 34 40 30 33 20 18 23 43 42 2 41 44 35 4 19 54 26 46 6 45 28 11 50 13 47 32 24 21 12 5 25 8 17 15 31 29 0 56 7 49 9 55 36 14 48 
59. Fitness: 5766059 Chromosome: 2 51 43 41 14 27 40 7 26 3 49 37 17 55 10 28 42 15 21 1 16 35 44 12 30 24 29 39 11 25 34 46 38 36 23 20 4 45 0 50 48 22 19 8 31 32 9 6 33 18 53 13 56 47 52 54 5 
60. Fitness: 5771860 Chromosome: 56 52 51 34 12 15 48 3 14 36 30 18 23 45 42 41 35 4 19 16 2 26 46 11 50 13 47 20 32 24 49 9 27 39 7 38 37 29 22 17 43 44 25 40 33 54 6 8 5 0 55 10 28 31 1 21 53 
61. Fitness: 5776661 Chromosome: 10 28 42 15 35 44 29 25 34 46 38 4 3 39 22 30 50 1 32 9 36 6 33 18 21 11 13 56 45 47 16 23 52 2 51 14 24 49 12 5 53 43 31 26 19 8 54 27 48 20 40 7 41 0 37 17 55 
62. Fitness: 5777362 Chromosome: 47 50 14 3 6 34 36 29 31 55 9 40 30 33 18 21 16 48 42 27 0 22 37 43 45 44 5 19 13 8 20 52 35 23 11 15 28 7 51 12 25 17 1 32 41 49 24 46 38 26 10 54 4 53 2 56 39 
63. Fitness: 5778563 Chromosome: 3 53 7 41 43 20 55 39 22 50 32 9 36 6 33 18 11 13 21 1 16 35 44 12 30 24 29 56 45 47 23 52 2 51 14 49 5 8 17 15 28 42 26 40 0 10 37 19 25 48 38 34 46 54 31 4 27 
64. Fitness: 5779664 Chromosome: 32 21 52 38 49 27 4 46 45 35 29 11 31 22 56 53 3 13 24 12 26 47 9 23 14 48 36 30 37 2 51 16 6 7 41 18 20 15 19 39 17 43 44 25 40 33 54 8 5 0 55 10 28 34 42 50 1 
65. Fitness: 5786665 Chromosome: 8 29 2 1 32 23 22 9 14 25 48 39 50 24 3 0 54 44 36 6 40 30 33 18 21 53 11 13 56 45 12 28 27 26 46 37 35 16 49 5 43 34 17 31 47 52 55 42 4 38 7 10 15 51 41 20 19 
66. Fitness: 5786766 Chromosome: 2 35 19 48 3 13 5 26 11 25 36 16 27 47 56 53 29 8 31 1 32 41 52 40 30 22 37 28 4 38 15 20 42 12 17 43 44 33 7 55 0 18 51 39 24 49 46 50 54 21 45 10 6 34 9 23 14 
67. Fitness: 5826367 Chromosome: 14 35 21 27 26 48 39 20 56 45 54 47 10 22 37 52 11 49 16 19 9 24 55 41 43 13 36 6 2 25 38 18 34 46 50 12 51 44 5 15 4 28 33 17 30 29 3 7 31 1 32 23 40 42 0 8 53 
68. Fitness: 5845668 Chromosome: 37 55 10 18 42 21 15 1 13 20 36 56 45 47 28 23 52 54 5 4 33 27 39 32 7 38 3 53 48 2 46 30 29 34 11 12 26 8 22 9 14 19 31 40 41 0 43 50 49 35 44 24 25 16 17 51 6 
69. Fitness: 5901069 Chromosome: 3 29 48 10 0 36 30 37 22 19 12 26 55 27 56 45 47 28 23 52 54 44 5 4 16 2 51 15 43 39 42 25 1 7 41 20 9 40 49 6 8 38 46 53 35 24 50 33 31 17 34 32 14 18 21 11 13 
70. Fitness: 5914470 Chromosome: 32 22 40 33 23 56 30 44 14 0 37 52 11 16 19 9 24 55 43 13 36 6 2 18 34 50 54 12 5 4 8 48 39 21 29 17 45 47 25 7 38 15 46 51 53 10 28 49 20 41 3 42 31 26 1 27 35 
71. Fitness: 5939071 Chromosome: 53 10 48 2 8 27 47 19 6 14 45 29 34 42 0 54 40 1 3 52 36 30 22 37 28 4 11 38 15 20 12 13 26 17 43 44 33 7 55 5 18 35 46 32 51 16 39 49 50 21 56 41 23 24 31 9 25 
72. Fitness: 5940572 Chromosome: 15 25 51 38 36 4 41 45 14 0 42 21 6 50 12 27 43 2 26 49 48 39 19 11 23 13 18 20 56 47 16 52 54 32 24 44 3 46 53 1 40 29 35 5 28 34 17 31 55 9 30 33 22 37 8 7 10 
73. Fitness: 5961873 Chromosome: 0 55 47 45 28 40 15 36 42 12 30 9 34 41 23 14 21 18 22 52 54 44 5 4 16 33 27 32 39 38 3 53 50 48 2 46 31 19 26 8 20 7 56 10 1 49 35 24 25 17 51 6 43 37 13 29 11 
74. Fitness: 5983274 Chromosome: 38 35 43 7 56 5 24 29 45 25 3 4 11 54 9 36 6 40 30 1 33 21 15 42 10 12 13 51 41 2 47 20 32 18 49 16 52 44 46 48 53 19 0 50 28 22 37 31 8 34 14 39 26 27 17 55 23 
75. Fitness: 5991775 Chromosome: 18 21 29 42 22 37 43 45 11 15 5 24 13 23 39 25 14 38 46 28 17 30 33 0 9 2 16 31 8 27 50 26 44 35 4 49 19 54 48 20 56 10 1 52 51 32 53 40 7 3 47 41 6 34 36 12 55 
76. Fitness: 5997176 Chromosome: 11 0 43 6 48 23 7 18 9 13 36 20 42 14 50 19 12 26 27 39 2 29 49 22 1 32 40 56 47 16 52 54 51 5 15 4 28 33 17 30 34 10 37 41 3 8 38 46 45 35 44 24 31 55 25 21 53 
77. Fitness: 6016177 Chromosome: 40 6 41 56 37 10 28 15 21 1 35 30 24 29 11 25 34 46 38 36 23 52 4 50 3 53 14 45 49 47 31 32 20 42 12 13 26 17 43 44 33 7 55 5 0 18 51 16 39 2 9 19 8 22 54 27 48 
78. Fitness: 6018278 Chromosome: 18 0 56 17 10 28 42 15 21 1 16 35 44 12 30 29 39 11 25 34 46 38 36 23 52 14 27 40 7 55 26 3 49 37 24 20 4 50 33 53 45 51 43 47 31 32 2 9 19 8 54 48 22 13 6 5 41 
79. Fitness: 6060079 Chromosome: 54 33 32 1 5 24 36 15 20 12 30 18 51 2 22 31 3 21 34 7 25 41 14 17 50 53 11 13 56 45 47 16 23 52 43 26 37 19 39 9 40 28 49 6 8 4 38 46 35 44 42 27 0 48 29 55 10 
80. Fitness: 6066480 Chromosome: 26 47 23 14 30 51 7 27 4 1 22 37 52 49 16 19 9 13 36 6 2 48 34 46 50 54 12 41 18 20 15 39 17 43 25 33 55 38 5 24 0 44 40 8 10 28 42 32 21 45 35 29 11 31 56 53 3 
81. Fitness: 6075181 Chromosome: 14 50 35 39 23 3 36 6 2 15 7 51 25 17 1 12 32 55 9 40 30 33 18 21 29 16 48 42 27 0 22 37 43 45 11 26 44 5 19 24 13 8 20 28 52 41 49 46 38 10 34 31 53 56 47 54 4 
82. Fitness: 6077082 Chromosome: 23 50 33 35 43 48 32 7 56 5 24 29 45 25 52 3 4 11 54 14 10 9 31 36 41 16 13 21 47 20 18 49 44 46 53 12 6 1 40 19 2 39 8 22 17 38 26 37 27 15 0 30 28 42 51 55 34 
83. Fitness: 6105483 Chromosome: 9 36 52 34 30 33 18 23 43 42 2 44 35 4 7 54 26 46 6 45 28 11 50 47 32 8 40 56 15 51 16 22 19 53 41 13 24 38 3 20 21 12 5 25 17 31 29 0 49 55 10 27 39 48 1 14 37 
84. Fitness: 6123784 Chromosome: 29 46 31 38 7 53 1 32 23 22 9 14 0 42 6 50 12 43 2 49 48 19 11 13 18 20 56 45 47 16 52 54 44 26 27 4 35 39 21 51 5 15 28 33 17 8 30 34 10 37 41 3 24 55 25 36 40 
85. Fitness: 6129685 Chromosome: 18 21 13 56 47 28 51 15 43 41 55 49 37 20 23 45 0 10 42 52 54 44 5 4 16 33 27 39 32 38 14 3 53 50 48 2 46 35 30 29 34 11 25 12 26 24 8 22 9 19 31 40 7 17 1 36 6 
86. Fitness: 6139686 Chromosome: 7 27 19 6 14 45 29 34 32 35 37 1 3 36 40 30 22 47 28 23 52 54 44 5 4 16 33 11 38 13 39 2 25 46 8 20 9 15 50 49 51 41 17 12 18 21 42 0 43 26 10 48 56 55 31 24 53 
87. Fitness: 6146787 Chromosome: 31 1 32 23 9 40 42 38 46 0 53 14 21 6 50 12 27 2 48 39 19 13 18 20 56 47 16 52 54 51 44 15 4 28 33 17 30 8 45 35 11 26 43 49 5 24 55 36 34 10 37 41 29 3 25 7 22 
88. Fitness: 6156688 Chromosome: 32 23 22 9 0 42 21 6 43 48 11 13 18 20 56 47 16 54 28 33 17 30 34 10 37 52 51 44 15 14 50 4 5 19 12 26 27 39 2 29 25 49 55 41 3 8 38 46 45 35 24 31 36 40 7 53 1 
89. Fitness: 6207689 Chromosome: 13 45 47 23 56 30 44 14 7 0 51 10 22 37 52 11 49 16 43 19 9 54 5 4 18 42 2 50 35 29 6 26 24 39 8 25 38 15 46 53 28 20 41 3 34 17 31 1 12 32 55 40 33 21 48 27 36 
90. Fitness: 6209690 Chromosome: 49 27 39 10 7 29 48 11 6 1 32 28 37 44 33 23 9 36 40 14 30 52 18 34 50 2 51 16 22 19 41 13 24 38 3 20 46 54 21 12 5 43 25 8 17 45 31 53 56 0 15 55 42 35 4 26 47 
91. Fitness: 6220191 Chromosome: 47 23 38 43 48 32 56 5 24 29 45 25 52 4 11 54 44 6 40 30 1 33 18 21 15 20 42 10 12 37 13 46 51 2 49 19 0 50 28 22 8 34 14 39 16 26 7 31 35 53 3 9 41 36 27 17 55 
92. Fitness: 6237992 Chromosome: 42 35 4 26 47 49 27 39 10 7 29 48 11 1 32 44 33 28 23 14 37 9 36 40 30 2 41 51 16 22 19 13 24 38 3 20 52 18 34 46 50 54 21 12 5 43 25 8 17 45 6 31 53 55 15 0 56 
93. Fitness: 6267793 Chromosome: 31 33 53 7 47 6 45 29 34 32 35 1 3 52 36 40 30 41 22 37 28 4 11 15 20 42 12 21 18 51 0 19 24 13 23 39 2 25 14 38 46 27 16 5 17 43 54 49 44 9 26 8 50 10 48 56 55 
94. Fitness: 6271594 Chromosome: 3 34 48 50 22 47 52 51 23 14 18 53 17 42 11 16 5 19 54 55 9 36 6 40 30 32 33 13 29 2 24 25 12 20 26 27 4 39 1 28 49 8 38 46 45 35 44 31 7 41 0 43 56 37 10 21 15 
95. Fitness: 6312995 Chromosome: 22 14 0 42 21 50 27 2 26 39 19 11 13 20 56 47 16 52 54 51 15 28 33 17 30 34 10 37 41 5 18 43 6 45 49 48 55 12 9 24 4 35 46 3 8 38 44 31 25 36 40 29 7 53 1 32 23 
96. Fitness: 6447896 Chromosome: 53 3 24 12 9 14 48 37 51 7 20 36 40 30 33 18 23 45 43 42 41 44 35 4 19 16 2 54 26 46 6 28 11 50 13 47 15 39 17 25 8 22 5 0 55 10 34 1 32 21 52 38 49 27 29 31 56 
97. Fitness: 6451597 Chromosome: 17 29 32 48 43 45 26 5 24 23 25 38 27 7 35 3 4 11 54 44 9 36 6 40 30 1 33 18 21 15 20 42 10 12 53 13 46 51 41 2 49 19 0 22 50 28 31 8 34 14 37 39 16 52 56 47 55 
98. Fitness: 6476098 Chromosome: 41 39 38 14 7 55 20 4 23 29 25 10 42 50 24 22 3 0 54 44 9 36 6 40 30 1 33 18 48 21 53 11 13 56 45 12 28 27 26 46 37 35 16 49 5 32 43 34 17 31 47 52 19 8 2 51 15 
99. Fitness: 6484899 Chromosome: 56 8 46 17 31 1 32 53 55 36 52 6 30 33 29 24 25 27 4 35 21 51 37 16 48 12 26 19 40 34 2 28 49 5 9 39 13 10 7 3 20 11 38 15 43 54 41 45 23 18 47 0 42 50 14 44 22 
