Recombination Probability: 90
Mutation Probability: 70
Population Size: 100
Maximum Number Of Generations: 10000
Crossover Operator: Order One Crossover
Mutation Operator: Swap Mutation
0. Fitness: 479900 Chromosome: 43 32 15 28 48 40 24 36 42 47 45 39 35 7 54 26 4 37 6 20 30 10 46 50 12 34 8 53 1 9 55 0 25 19 38 23 51 13 44 14 5 18 2 22 27 3 31 17 52 33 56 21 11 41 49 29 16 
1. Fitness: 495621 Chromosome: 50 18 8 24 11 10 35 36 6 4 28 42 47 49 40 48 16 21 12 43 32 54 7 15 56 37 30 53 1 9 44 0 25 19 38 23 51 13 17 31 26 22 34 52 29 20 3 33 41 14 45 39 2 5 55 27 46 
2. Fitness: 511692 Chromosome: 44 43 32 13 25 30 4 50 29 2 33 38 6 41 55 35 20 14 1 42 26 3 23 40 47 27 51 9 28 10 36 46 39 54 7 45 18 11 37 24 21 0 17 56 8 31 15 49 22 34 12 52 53 16 5 19 48 
3. Fitness: 512153 Chromosome: 15 56 22 27 53 34 19 47 46 50 44 28 36 14 39 52 24 7 41 3 35 48 54 12 8 30 9 38 6 49 55 43 32 42 37 25 51 23 33 45 13 26 4 29 2 1 40 20 18 5 10 0 31 11 21 17 16 
4. Fitness: 517984 Chromosome: 16 45 47 40 41 29 27 6 26 39 28 4 10 35 48 54 50 12 30 8 5 1 9 52 0 25 19 38 23 51 13 55 14 53 32 49 42 37 31 15 43 18 11 33 56 20 7 22 46 36 44 21 24 34 17 3 2 
5. Fitness: 523005 Chromosome: 44 7 38 27 4 50 48 43 51 8 45 28 39 33 18 26 5 55 29 40 19 14 17 30 47 12 56 11 31 15 53 20 49 35 54 32 46 37 24 1 0 16 34 2 23 22 13 25 3 10 6 21 41 52 9 36 42 
6. Fitness: 523936 Chromosome: 41 14 34 10 4 35 26 46 48 36 8 17 56 11 15 1 9 44 0 25 19 23 51 24 40 42 5 18 50 37 12 32 13 49 7 45 28 54 31 30 53 43 6 2 22 38 55 21 39 16 27 3 52 29 20 33 47 
7. Fitness: 526567 Chromosome: 56 22 27 53 34 19 47 46 50 44 28 36 0 39 52 24 7 41 3 35 48 54 12 8 30 9 38 6 55 43 32 20 49 42 37 25 51 23 33 45 13 26 4 29 2 1 40 18 5 10 14 31 11 21 17 16 15 
8. Fitness: 527858 Chromosome: 21 44 16 47 41 54 42 19 32 55 17 34 36 14 10 53 1 0 45 52 13 39 25 3 35 8 7 38 23 51 6 5 18 2 27 31 15 49 33 37 26 56 29 40 20 11 43 28 4 48 46 50 12 9 30 24 22 
9. Fitness: 528909 Chromosome: 42 47 45 44 21 24 30 9 0 39 34 49 35 7 54 26 4 37 6 20 10 46 50 12 8 53 1 25 19 38 15 51 13 55 14 5 18 2 22 27 3 31 17 52 33 56 11 41 43 23 28 32 29 16 48 40 36 
10. Fitness: 5295510 Chromosome: 52 13 25 9 33 18 26 55 42 47 48 16 12 43 27 39 7 10 36 17 30 4 50 41 8 0 6 2 15 24 35 34 14 38 51 28 29 1 37 49 40 21 5 23 53 22 20 44 3 32 54 46 19 11 56 45 31 
11. Fitness: 5307611 Chromosome: 54 27 33 44 50 51 3 23 40 16 34 5 19 56 10 48 35 12 47 0 41 14 21 25 18 20 22 52 8 30 9 38 6 49 55 43 32 42 37 45 13 26 4 29 1 2 28 46 39 7 36 24 17 11 31 15 53 
12. Fitness: 5341512 Chromosome: 35 26 48 36 56 1 44 19 45 51 55 16 40 42 5 18 50 37 13 49 23 54 30 43 6 8 47 0 41 9 14 24 29 7 31 21 25 12 2 17 10 11 15 27 52 53 39 4 38 46 28 34 32 22 20 3 33 
13. Fitness: 5346413 Chromosome: 44 46 48 21 43 26 10 33 47 12 25 56 2 8 36 41 17 11 15 27 52 34 4 19 23 51 55 16 40 42 5 18 50 37 24 32 9 13 49 38 7 45 28 54 31 30 53 39 1 3 20 6 29 35 22 14 0 
14. Fitness: 5349214 Chromosome: 31 9 36 42 44 7 38 27 4 50 48 43 51 8 45 28 39 33 18 26 5 55 29 40 19 56 14 17 30 47 12 20 49 35 54 32 46 37 24 1 0 16 34 15 2 23 3 11 41 6 22 21 10 53 52 25 13 
15. Fitness: 5365915 Chromosome: 22 27 53 34 19 47 46 50 44 28 36 0 39 52 24 7 41 3 35 48 54 12 8 18 56 30 9 38 6 49 55 43 32 42 37 25 51 23 33 45 13 26 4 29 2 1 40 20 5 10 14 31 11 21 17 16 15 
16. Fitness: 5375516 Chromosome: 19 13 38 56 10 5 36 39 26 24 7 41 35 49 33 37 45 52 4 22 1 48 54 32 21 23 27 9 40 31 15 53 44 0 6 25 14 43 20 42 47 50 3 51 29 30 2 28 46 11 34 12 8 17 16 18 55 
17. Fitness: 5377817 Chromosome: 46 48 36 8 52 17 56 14 9 0 19 40 12 32 50 37 7 45 54 31 41 2 55 24 3 53 22 21 20 43 44 35 29 1 4 18 49 27 42 5 51 26 15 16 23 13 25 34 11 10 47 30 38 6 39 33 28 
18. Fitness: 5402918 Chromosome: 21 24 30 9 0 39 50 17 55 31 53 3 28 35 2 4 16 5 18 34 37 13 49 45 54 47 48 46 51 40 41 29 27 6 25 1 26 14 12 38 8 23 43 15 11 33 56 20 7 32 22 42 19 36 52 10 44 
19. Fitness: 5404519 Chromosome: 9 44 1 34 20 26 15 40 46 0 48 35 10 17 19 23 51 4 42 5 24 11 41 8 33 56 36 21 18 50 37 12 32 13 49 7 45 28 54 31 30 53 39 43 6 2 22 38 55 16 27 3 52 29 47 25 14 
20. Fitness: 5409120 Chromosome: 52 8 30 38 5 40 34 44 49 4 0 24 35 55 54 46 21 23 28 20 6 12 14 29 56 11 37 25 9 43 33 47 19 15 53 32 42 45 13 26 1 2 39 7 36 17 31 50 27 51 3 16 10 48 41 18 22 
21. Fitness: 5409921 Chromosome: 41 35 20 42 26 40 47 28 10 36 46 39 45 8 24 21 17 11 12 43 32 54 7 15 56 37 30 53 1 9 44 0 25 18 38 23 51 13 55 14 5 19 2 22 27 3 31 49 34 52 16 48 4 50 29 33 6 
22. Fitness: 5417722 Chromosome: 10 5 40 34 44 54 23 56 33 19 3 51 16 48 27 50 35 14 47 0 41 12 21 25 18 20 22 52 8 30 9 38 6 49 55 43 32 42 37 45 13 26 4 29 1 2 28 46 39 7 36 24 17 11 31 15 53 
23. Fitness: 5426823 Chromosome: 36 44 10 52 21 24 30 9 0 39 8 49 17 55 31 53 5 3 28 13 11 2 4 16 45 47 50 48 54 46 51 40 41 29 27 6 25 1 26 14 12 38 34 23 43 37 15 18 35 33 56 20 7 22 32 19 42 
24. Fitness: 5434024 Chromosome: 10 27 3 20 2 16 45 48 54 46 28 14 0 42 53 32 29 7 50 12 8 56 39 35 4 40 6 44 37 49 43 15 41 25 51 5 33 47 19 55 52 18 17 36 26 13 11 31 1 38 34 9 30 24 22 21 23 
25. Fitness: 5439525 Chromosome: 36 44 10 52 21 24 30 9 0 39 34 43 51 8 45 28 33 18 26 5 55 29 40 19 56 14 31 13 25 37 35 53 17 54 32 49 46 3 16 12 11 15 47 42 20 38 27 41 23 7 2 22 6 1 4 50 48 
26. Fitness: 5448826 Chromosome: 27 14 52 3 48 8 30 38 6 13 26 4 29 56 11 15 1 9 44 0 25 19 23 51 16 40 42 5 18 12 32 50 37 43 49 7 45 35 54 31 41 2 22 55 24 21 39 20 10 17 33 34 53 47 46 28 36 
27. Fitness: 5479227 Chromosome: 30 9 0 39 34 49 17 1 4 50 48 43 51 55 31 53 5 3 28 13 11 2 16 45 47 54 46 40 41 29 27 6 25 26 14 12 38 8 23 37 15 18 35 33 56 20 7 22 32 19 42 36 44 10 52 21 24 
28. Fitness: 5479928 Chromosome: 0 44 33 18 26 55 42 28 47 48 12 43 27 39 7 25 23 15 8 13 35 53 4 50 29 1 37 40 21 5 16 17 30 22 56 45 2 54 51 11 32 49 46 20 41 19 31 24 52 38 34 9 3 10 36 6 14 
29. Fitness: 5485129 Chromosome: 1 23 3 27 2 16 45 48 54 46 28 14 0 42 38 53 32 37 7 50 10 8 12 56 39 35 5 9 40 34 6 44 29 31 43 15 41 25 51 4 33 47 19 55 52 18 17 36 26 49 13 22 24 21 20 11 30 
30. Fitness: 5505030 Chromosome: 10 17 34 39 24 41 9 6 43 45 13 2 15 18 56 11 54 46 50 25 38 28 30 29 37 49 40 36 5 23 35 22 20 7 44 12 55 27 51 4 33 47 19 53 52 1 16 48 42 31 26 3 21 14 8 32 0 
31. Fitness: 5533931 Chromosome: 7 27 43 45 39 33 18 29 56 47 20 1 34 22 6 21 28 4 10 35 48 54 46 50 12 30 8 53 24 9 52 0 25 19 38 23 51 13 55 14 5 32 49 37 31 15 3 2 17 11 16 41 26 40 36 42 44 
32. Fitness: 5536432 Chromosome: 48 3 20 6 44 29 49 4 33 47 56 52 37 9 13 16 21 18 43 17 27 25 15 2 36 46 39 54 7 45 12 38 23 51 55 14 5 8 30 53 22 31 32 28 41 35 50 26 10 19 11 42 40 1 0 24 34 
33. Fitness: 5570633 Chromosome: 52 43 32 13 25 30 4 50 29 2 33 38 6 14 55 35 20 41 1 42 26 3 23 40 47 27 51 9 28 10 36 46 39 54 7 45 18 8 37 24 21 0 17 56 11 31 15 49 22 34 12 48 16 53 44 19 5 
34. Fitness: 5576734 Chromosome: 4 10 35 54 50 12 30 8 52 33 27 14 26 23 37 46 0 20 13 38 5 56 39 7 9 40 34 44 29 49 43 15 41 25 51 47 19 55 53 3 1 31 28 16 2 18 32 21 11 48 42 22 17 36 24 6 45 
35. Fitness: 5586335 Chromosome: 39 18 33 9 26 55 42 16 45 47 52 25 27 48 1 12 46 19 28 40 21 7 10 36 17 30 4 50 29 54 37 5 23 41 8 51 38 6 2 15 49 24 35 53 22 20 44 3 32 0 43 56 31 34 11 14 13 
36. Fitness: 5587236 Chromosome: 21 24 30 39 34 27 17 31 3 28 35 4 16 45 47 50 48 54 46 40 41 29 49 6 26 12 8 53 1 9 44 0 25 19 38 23 51 13 55 14 5 18 2 22 43 37 15 11 33 56 20 7 32 42 36 52 10 
37. Fitness: 5587637 Chromosome: 47 21 41 55 24 34 56 53 28 7 36 14 10 42 9 8 1 49 0 15 50 27 4 29 46 48 26 43 38 39 40 30 44 6 45 25 51 23 37 16 2 12 11 33 22 32 18 19 52 17 20 31 13 3 5 35 54 
38. Fitness: 5639738 Chromosome: 9 46 17 16 21 12 53 7 31 43 1 0 24 22 50 48 32 23 27 3 20 6 45 40 47 41 54 29 49 44 25 56 2 51 11 5 52 42 19 18 26 10 4 35 36 8 37 34 30 55 13 33 28 39 38 14 15 
39. Fitness: 5647339 Chromosome: 27 3 20 45 48 54 46 28 14 0 53 32 37 7 50 10 8 12 56 39 35 36 40 34 6 44 29 43 51 4 55 52 25 19 38 42 23 15 2 18 33 47 16 41 49 5 17 9 26 13 11 31 1 30 24 22 21 
40. Fitness: 5649440 Chromosome: 17 26 10 36 6 4 45 24 27 35 54 12 46 50 15 23 0 20 13 38 5 56 39 7 9 40 34 44 29 49 43 37 41 25 51 47 19 55 53 3 1 31 28 16 2 18 32 21 11 48 42 22 52 30 8 14 33 
41. Fitness: 5650241 Chromosome: 33 38 41 55 14 47 9 36 10 46 39 54 8 24 0 56 11 31 34 12 52 6 37 7 17 53 22 21 20 43 44 35 29 1 4 18 49 27 42 5 51 26 15 16 23 13 25 40 28 32 3 45 19 48 30 50 2 
42. Fitness: 5652642 Chromosome: 27 39 7 25 54 41 52 6 1 45 30 33 51 3 23 43 37 40 49 16 55 34 5 14 56 10 48 35 12 8 47 4 32 42 13 26 38 29 2 20 18 19 31 11 21 17 15 22 0 53 46 24 9 50 44 28 36 
43. Fitness: 5664043 Chromosome: 6 43 18 28 44 12 55 27 33 47 48 42 26 3 7 25 23 15 21 45 2 51 8 13 11 35 53 4 50 29 1 37 40 56 5 16 17 30 54 22 32 49 46 20 41 19 31 24 52 38 34 9 36 14 0 10 39 
44. Fitness: 5683444 Chromosome: 44 18 55 28 12 43 27 39 7 0 23 15 56 45 2 51 8 13 11 35 50 29 37 40 21 5 17 30 54 22 32 49 46 20 41 24 38 34 9 4 33 47 19 53 52 1 16 48 42 31 26 3 36 10 6 14 25 
45. Fitness: 5687745 Chromosome: 36 17 56 11 15 44 0 19 23 51 5 18 50 34 31 55 27 14 52 24 7 41 25 3 35 48 54 12 8 30 9 38 6 49 43 32 42 37 45 2 26 4 29 22 1 40 21 16 13 39 20 53 10 47 33 28 46 
46. Fitness: 5699146 Chromosome: 27 54 50 38 29 1 49 28 34 23 37 20 30 26 15 31 40 6 46 0 48 35 10 53 17 19 32 51 55 16 4 42 5 18 24 43 11 41 12 8 33 21 22 44 3 56 14 13 39 2 9 36 45 47 52 7 25 
47. Fitness: 5705547 Chromosome: 28 40 50 4 29 45 1 36 10 9 24 42 35 48 54 46 27 44 12 30 38 18 26 8 43 37 0 25 16 21 19 23 51 13 55 5 6 2 22 3 31 17 52 15 11 33 56 20 49 47 41 39 32 7 34 14 53 
48. Fitness: 5709848 Chromosome: 54 46 27 39 22 52 33 18 51 3 11 31 53 44 0 14 26 55 10 17 28 32 50 37 12 8 30 9 4 7 38 6 25 36 13 1 42 23 15 56 45 2 43 40 49 16 5 19 47 34 20 21 41 29 24 35 48 
49. Fitness: 5733849 Chromosome: 33 3 43 20 56 10 48 35 8 47 0 41 12 21 29 17 11 15 27 52 34 4 19 23 13 55 16 40 42 5 18 50 37 24 9 32 51 49 38 7 45 28 54 31 30 53 39 46 22 25 2 14 26 6 36 1 44 
50. Fitness: 5734950 Chromosome: 16 37 36 42 44 7 38 27 4 50 48 43 51 8 45 28 39 33 18 26 5 55 29 40 24 17 56 11 31 15 53 1 9 25 12 23 20 0 22 32 19 52 47 13 41 34 10 49 3 30 2 46 54 35 6 21 14 
51. Fitness: 5749751 Chromosome: 1 4 10 8 48 46 41 14 47 28 19 9 0 54 18 29 34 38 2 11 56 42 5 51 26 15 16 23 25 6 32 50 37 13 49 7 17 53 40 22 21 27 20 43 44 35 36 3 45 30 55 33 31 52 39 24 12 
52. Fitness: 5756552 Chromosome: 40 7 45 1 0 24 48 3 20 6 29 49 4 44 52 43 17 27 23 32 54 53 22 31 15 36 41 35 50 47 21 12 8 30 9 25 19 38 51 13 55 16 33 5 18 46 2 26 37 42 56 34 10 11 14 39 28 
53. Fitness: 5757153 Chromosome: 1 48 56 33 2 10 26 22 44 25 19 23 51 55 16 40 42 5 20 50 37 13 49 45 54 30 43 6 12 8 47 0 41 9 14 21 24 29 17 7 31 11 15 27 52 53 39 4 38 46 28 34 32 18 3 35 36 
54. Fitness: 5775154 Chromosome: 33 20 32 31 48 53 1 40 24 42 22 47 44 45 52 13 10 50 12 30 8 9 0 25 17 38 23 51 55 2 36 46 39 54 7 14 5 18 27 3 19 16 41 15 49 34 29 35 28 26 37 21 56 11 6 4 43 
55. Fitness: 5781755 Chromosome: 55 20 7 29 38 4 33 48 42 26 3 40 47 9 10 43 45 37 24 21 0 11 49 34 12 52 16 5 17 27 25 23 15 56 2 54 51 30 53 8 39 18 22 31 32 28 46 14 41 35 50 19 13 6 36 1 44 
56. Fitness: 5785056 Chromosome: 35 46 39 54 48 24 21 11 41 7 1 31 53 44 0 14 26 55 10 17 28 32 50 37 12 8 30 9 4 38 6 25 36 13 42 23 15 56 45 2 43 18 33 20 22 19 52 47 16 34 49 5 3 51 40 29 27 
57. Fitness: 5789457 Chromosome: 25 3 12 38 32 42 9 6 1 10 4 50 48 51 8 45 28 7 33 24 31 55 41 13 11 37 35 17 30 5 54 22 29 49 43 0 53 26 40 21 16 2 39 20 15 18 56 23 14 34 19 47 46 44 36 27 52 
58. Fitness: 5790058 Chromosome: 17 45 24 33 50 10 35 36 6 4 54 12 26 23 37 46 53 38 5 39 7 9 40 34 29 49 15 41 25 51 47 19 55 1 31 28 16 2 18 21 11 48 42 52 13 22 20 44 3 32 0 43 56 30 8 27 14 
59. Fitness: 5792459 Chromosome: 49 17 45 34 46 43 38 52 14 19 53 13 24 39 33 18 26 55 42 56 11 37 25 32 41 15 50 7 30 5 54 22 29 44 1 9 31 47 28 10 4 35 36 40 48 21 20 0 2 16 27 3 23 6 12 8 51 
60. Fitness: 5816860 Chromosome: 27 22 19 56 34 53 46 15 47 50 44 28 36 0 39 52 24 7 41 3 35 48 54 12 8 30 9 38 6 49 55 43 32 42 37 25 51 23 33 45 13 26 4 29 2 1 40 20 18 5 10 14 31 11 21 17 16 
61. Fitness: 5825161 Chromosome: 41 14 43 13 42 40 45 16 44 38 48 39 4 30 35 2 23 19 5 55 47 27 51 9 28 10 36 46 50 0 25 18 22 3 31 17 52 8 20 34 11 26 29 24 33 6 49 21 12 32 54 7 15 56 37 53 1 
62. Fitness: 5829662 Chromosome: 50 32 29 16 31 48 53 9 40 24 36 42 22 47 44 52 13 39 25 3 35 8 7 38 5 27 14 17 30 54 12 26 10 2 23 37 19 46 6 0 20 1 18 34 33 56 51 21 11 45 43 28 4 41 49 55 15 
63. Fitness: 5840363 Chromosome: 0 20 30 25 50 4 32 44 13 35 42 26 3 40 47 9 28 10 36 46 39 54 45 18 37 21 17 56 11 31 22 12 52 16 5 19 48 23 41 8 51 33 7 38 6 2 15 49 55 24 27 1 53 43 34 14 29 
64. Fitness: 5851564 Chromosome: 17 15 52 53 7 31 43 1 0 24 22 50 32 23 27 3 6 45 40 47 41 54 29 49 44 21 12 8 30 9 25 19 38 51 13 55 16 33 5 18 46 2 26 37 42 56 34 11 14 39 28 10 4 35 36 48 20 
65. Fitness: 5861665 Chromosome: 28 33 18 26 5 29 40 19 56 14 17 47 20 0 39 52 24 7 41 3 35 48 54 12 8 30 9 38 6 49 55 43 32 42 37 46 1 16 34 15 2 23 31 22 13 25 10 21 11 53 36 44 27 4 50 51 45 
66. Fitness: 5873966 Chromosome: 24 29 40 11 6 39 28 4 10 35 48 54 50 12 8 9 52 25 38 23 13 55 14 46 37 15 45 34 43 3 56 20 7 32 49 27 51 19 53 1 31 22 44 21 30 0 5 2 17 16 41 47 33 18 42 36 26 
67. Fitness: 5893467 Chromosome: 22 26 24 40 20 11 6 39 28 43 10 35 48 54 50 12 30 8 5 1 9 52 0 25 19 38 23 51 13 55 14 53 41 29 32 49 46 37 31 15 56 45 21 34 4 7 3 2 17 44 16 47 33 18 42 27 36 
68. Fitness: 5894468 Chromosome: 39 18 26 40 19 9 6 1 10 4 50 48 51 8 45 28 7 14 24 31 55 41 13 11 37 35 17 30 5 54 22 29 49 43 0 53 36 52 42 33 32 46 15 44 3 20 56 12 38 21 34 16 27 2 25 47 23 
69. Fitness: 5914169 Chromosome: 3 49 55 42 39 32 7 34 36 14 10 53 28 35 48 40 46 50 4 31 45 1 26 12 8 43 37 9 44 0 25 16 21 19 38 23 15 22 5 18 2 17 47 33 29 20 11 52 41 56 24 54 27 30 6 13 51 
70. Fitness: 5932970 Chromosome: 10 4 48 8 45 13 11 51 47 46 6 44 28 36 31 55 27 14 52 24 7 41 25 3 35 37 17 30 5 54 22 29 49 43 0 53 42 33 32 15 23 20 56 12 38 21 16 34 2 39 18 26 40 19 9 50 1 
71. Fitness: 5937271 Chromosome: 14 16 7 4 33 28 26 46 15 36 8 52 17 56 11 48 1 9 44 0 25 19 37 24 31 53 45 12 23 43 18 20 22 32 47 13 41 55 34 10 42 49 3 50 27 29 38 40 30 51 2 39 54 35 6 21 5 
72. Fitness: 5961672 Chromosome: 50 44 28 36 27 39 29 16 8 3 26 54 42 17 41 10 30 2 20 6 5 1 9 52 0 25 19 38 23 51 13 55 14 53 32 22 46 37 31 15 56 45 21 34 43 7 12 4 35 24 40 49 48 18 11 33 47 
73. Fitness: 5983773 Chromosome: 44 50 54 6 45 30 43 37 16 34 56 10 35 12 8 47 0 9 14 21 25 4 22 20 32 42 52 13 38 28 26 46 39 7 36 33 1 48 40 41 23 15 2 18 49 55 24 27 3 29 19 5 17 11 31 51 53 
74. Fitness: 5992474 Chromosome: 9 28 10 12 37 7 17 50 29 2 33 38 6 41 55 35 20 14 1 42 26 3 23 40 18 53 22 21 43 44 4 47 49 27 5 51 15 16 13 25 36 32 45 30 31 48 46 8 54 0 19 34 11 24 56 52 39 
75. Fitness: 5992675 Chromosome: 14 10 39 42 50 4 28 46 38 48 2 8 26 24 0 19 12 1 56 54 51 11 49 5 52 29 18 34 15 31 16 23 13 25 6 37 7 17 53 40 22 21 27 20 43 44 35 36 32 3 45 30 55 33 47 9 41 
76. Fitness: 6010976 Chromosome: 39 38 14 24 3 9 46 0 17 16 21 12 32 27 7 25 23 15 56 45 2 51 8 13 11 35 53 4 50 29 1 37 40 54 49 22 5 52 42 19 18 26 31 47 10 36 48 20 44 34 43 30 41 55 33 28 6 
77. Fitness: 6019677 Chromosome: 38 6 30 4 33 28 26 46 15 36 8 52 17 56 11 48 1 9 44 0 25 19 23 51 16 40 42 5 18 12 32 50 37 13 49 7 45 35 54 31 41 2 22 55 24 27 3 29 34 14 20 21 43 53 10 47 39 
78. Fitness: 6028678 Chromosome: 50 54 6 1 45 30 33 51 3 23 43 37 40 49 16 55 22 39 29 7 15 34 5 19 56 10 48 35 12 8 47 4 32 42 13 26 38 2 20 18 14 31 11 21 17 27 0 53 46 44 28 36 52 24 41 25 9 
79. Fitness: 6032679 Chromosome: 0 31 43 53 10 18 54 46 44 8 30 28 7 6 36 50 39 37 45 26 33 1 48 40 41 15 2 49 9 14 21 25 4 35 32 22 42 13 23 47 52 3 20 12 11 29 27 38 55 24 19 5 51 16 34 56 17 
80. Fitness: 6033680 Chromosome: 17 15 36 52 53 7 31 43 1 0 24 22 50 48 6 44 32 23 39 3 20 45 40 47 41 54 29 49 21 12 8 30 9 25 19 38 51 13 55 16 33 5 18 46 2 26 37 42 56 34 10 11 14 27 28 4 35 
81. Fitness: 6034981 Chromosome: 36 22 26 56 24 29 7 21 20 40 11 6 34 39 45 43 28 4 10 35 48 54 46 50 12 30 8 53 1 9 52 0 25 19 38 42 23 15 2 18 33 47 16 41 49 5 3 51 27 14 17 37 13 44 55 31 32 
82. Fitness: 6075282 Chromosome: 55 10 44 39 42 50 4 30 35 28 37 46 38 48 2 8 26 24 49 0 17 40 16 21 53 19 12 32 27 7 25 23 1 56 45 36 54 51 11 22 5 52 29 18 34 43 15 6 20 31 13 3 33 47 9 41 14 
83. Fitness: 6090083 Chromosome: 8 52 29 38 40 30 51 2 28 26 46 39 17 56 11 15 1 9 44 0 25 19 23 16 42 5 18 12 32 50 37 13 49 7 45 48 54 31 41 22 55 24 27 3 34 14 20 21 43 53 10 47 6 4 33 35 36 
84. Fitness: 6091084 Chromosome: 35 48 22 56 44 19 55 16 42 5 18 50 13 49 45 54 30 47 0 9 21 24 17 7 31 11 15 52 53 46 51 40 41 29 27 6 25 1 26 14 12 38 8 23 43 37 39 4 28 34 32 36 20 3 33 10 2 
85. Fitness: 6169485 Chromosome: 11 45 34 6 43 28 4 35 48 46 50 12 53 9 19 51 27 39 29 7 15 13 16 8 25 3 38 26 0 54 42 17 41 10 23 55 30 52 1 14 5 32 49 37 31 2 44 47 33 18 36 22 56 24 21 40 20 
86. Fitness: 6169986 Chromosome: 48 43 27 25 23 15 45 2 51 13 28 14 0 42 38 53 32 37 7 50 12 8 56 39 11 35 4 29 1 40 21 5 16 17 30 22 54 49 46 20 41 19 31 24 52 34 9 3 10 36 6 44 33 18 26 55 47 
87. Fitness: 6172587 Chromosome: 18 11 34 33 47 46 50 44 28 36 27 39 29 7 16 8 26 54 41 10 30 45 20 6 12 53 1 9 52 0 25 19 38 51 13 55 42 23 15 14 5 32 49 37 31 3 2 17 56 4 35 24 40 22 48 21 43 
88. Fitness: 6179988 Chromosome: 25 50 4 44 1 42 26 3 40 47 9 28 10 36 46 39 54 45 18 37 17 56 11 31 22 48 52 16 5 32 30 13 49 0 21 19 12 23 41 8 51 33 7 38 6 2 15 55 24 27 35 53 43 34 14 20 29 
89. Fitness: 6193689 Chromosome: 50 9 42 15 13 6 20 43 44 30 35 28 37 46 38 48 2 8 26 24 17 40 16 21 0 53 19 12 32 27 7 25 23 1 56 45 36 54 51 11 49 22 5 52 29 18 34 3 55 33 31 39 4 10 41 14 47 
90. Fitness: 6212290 Chromosome: 22 26 24 29 40 11 39 28 4 35 48 54 50 8 9 0 25 19 38 51 13 14 53 49 46 31 15 56 21 34 43 7 3 10 23 12 30 52 1 2 37 5 45 32 20 6 55 17 44 16 41 47 33 18 42 27 36 
91. Fitness: 6221591 Chromosome: 21 11 24 49 34 54 12 8 27 17 16 46 26 23 32 22 55 19 13 38 7 45 35 56 39 10 5 9 40 4 31 15 53 1 44 0 6 25 14 43 33 20 42 52 47 41 50 3 51 29 30 2 28 18 48 36 37 
92. Fitness: 6292192 Chromosome: 10 36 39 52 24 48 9 6 55 42 13 26 4 14 8 23 37 15 11 56 20 32 49 27 51 19 53 1 31 22 30 0 5 28 35 50 54 46 40 29 25 45 21 34 43 7 3 2 17 44 16 41 47 33 18 12 38 
93. Fitness: 6306493 Chromosome: 31 24 1 4 10 8 48 46 41 14 47 50 38 19 9 0 54 18 29 34 28 2 11 56 49 42 5 51 26 15 16 23 22 25 6 37 7 17 53 40 13 21 27 20 43 44 35 36 32 3 45 30 55 39 33 52 12 
94. Fitness: 6362794 Chromosome: 42 45 35 7 26 4 6 20 10 46 50 34 1 44 0 19 38 14 18 22 47 55 52 37 5 9 13 2 21 12 43 17 27 25 23 32 56 16 54 51 30 53 8 39 3 31 33 11 41 49 15 28 29 48 40 24 36 
95. Fitness: 6376595 Chromosome: 24 55 34 13 53 17 47 52 3 54 46 44 12 8 30 28 7 6 36 50 39 37 45 26 33 1 48 40 41 23 15 2 49 9 14 21 25 4 35 20 11 22 32 38 16 42 43 51 31 29 27 5 10 0 19 18 56 
96. Fitness: 6439496 Chromosome: 29 27 25 14 9 44 1 28 37 20 30 26 15 40 6 46 51 35 10 53 17 19 23 48 55 16 4 42 5 18 24 11 41 12 8 33 7 38 22 36 52 21 39 49 13 2 45 47 3 32 0 43 56 31 34 50 54 
97. Fitness: 6552497 Chromosome: 15 33 1 14 44 47 49 40 48 16 43 27 13 25 51 9 28 26 55 10 17 36 6 20 12 32 50 7 38 22 11 30 4 23 56 52 31 53 8 39 41 46 5 19 3 24 42 54 21 18 2 37 0 45 35 34 29 
98. Fitness: 6603498 Chromosome: 43 45 14 24 34 42 11 21 35 40 37 0 2 7 25 51 9 28 26 4 10 17 36 6 20 12 32 50 13 38 22 30 55 23 56 52 31 53 8 39 41 46 5 19 3 16 47 33 15 49 54 48 27 1 18 44 29 
99. Fitness: 6746899 Chromosome: 43 20 10 48 35 47 0 12 14 21 29 17 27 52 4 51 55 16 40 5 7 9 13 49 46 22 25 26 23 15 56 2 54 30 53 8 39 18 31 32 28 36 41 50 38 19 11 37 42 45 1 24 34 6 44 33 3 
