Recombination Probability: 80
Mutation Probability: 60
Population Size: 100
Maximum Number Of Generations: 10000
Crossover Operator: Order One Crossover
Mutation Operator: Inversion Mutation
0. Fitness: 498060 Chromosome: 33 17 11 12 48 42 7 24 0 15 30 38 56 37 50 51 6 27 52 44 25 31 32 36 16 28 40 10 18 1 47 53 55 49 4 14 5 35 9 41 13 8 2 54 45 39 19 46 3 43 34 23 20 22 26 21 29 
1. Fitness: 506441 Chromosome: 20 6 41 43 21 25 46 39 3 16 26 40 15 47 4 7 27 54 48 42 13 11 9 56 45 38 52 18 5 35 49 33 44 36 23 10 1 53 51 0 2 28 24 32 30 17 37 19 55 31 34 12 8 14 50 29 22 
2. Fitness: 511802 Chromosome: 20 55 10 21 18 49 53 31 30 4 50 51 9 33 52 42 17 45 39 7 46 48 28 0 24 35 40 27 16 1 44 54 29 38 6 3 8 12 34 22 5 25 43 2 37 56 32 36 14 13 19 11 15 47 26 41 23 
3. Fitness: 513323 Chromosome: 20 55 10 21 18 49 53 31 30 4 50 51 41 26 47 35 40 27 16 1 44 54 29 38 6 3 8 12 34 22 5 25 43 2 37 56 32 36 14 13 19 11 15 24 0 28 48 46 7 39 45 17 42 52 33 9 23 
4. Fitness: 519984 Chromosome: 50 26 52 23 21 41 39 28 36 4 17 5 38 29 40 48 7 25 14 16 24 47 27 35 2 18 51 49 56 43 11 13 3 44 30 10 1 53 12 22 37 19 46 54 8 55 31 9 42 0 6 34 45 20 33 32 15 
5. Fitness: 520405 Chromosome: 55 23 17 6 1 53 0 15 37 22 30 18 38 36 40 20 31 8 2 45 39 46 54 50 9 25 5 12 26 21 28 49 24 10 51 11 35 44 3 41 33 52 42 32 13 29 34 19 7 43 48 47 4 14 56 27 16 
6. Fitness: 522406 Chromosome: 4 54 20 26 51 47 45 39 22 52 6 44 14 29 36 15 42 33 13 9 12 25 23 55 28 46 32 10 49 50 30 18 41 1 16 27 40 35 24 0 8 53 43 56 11 37 2 5 38 21 17 34 31 19 48 7 3 
7. Fitness: 526717 Chromosome: 51 26 20 55 49 30 50 10 31 53 33 18 41 23 47 15 11 19 13 14 36 32 56 37 2 43 25 5 22 34 12 8 3 6 38 29 54 44 1 16 27 40 35 24 0 28 48 46 7 39 45 17 42 52 9 4 21 
8. Fitness: 528408 Chromosome: 32 45 38 4 47 10 15 40 26 16 3 39 46 25 21 50 54 52 7 13 42 48 9 5 12 30 34 43 53 31 18 8 41 0 20 1 55 37 27 11 22 2 28 49 33 44 14 51 23 35 19 24 36 56 6 29 17 
9. Fitness: 528569 Chromosome: 0 40 24 22 35 26 54 39 33 42 6 44 5 38 23 29 13 14 41 17 45 20 28 46 43 1 18 31 34 10 2 25 53 50 56 30 52 21 4 48 3 32 15 36 11 9 49 19 47 8 37 55 27 12 7 16 51 
10. Fitness: 5286710 Chromosome: 34 31 40 0 19 46 43 8 4 24 7 13 42 48 12 16 54 27 11 50 9 56 45 39 38 52 18 28 30 5 17 35 33 49 44 36 14 3 23 37 53 1 20 22 32 55 25 41 26 15 47 51 10 2 29 6 21 
11. Fitness: 5311911 Chromosome: 0 23 34 21 24 22 30 38 31 25 44 52 27 6 51 50 37 56 32 36 28 40 10 18 1 47 53 55 49 4 14 5 35 9 41 13 8 54 16 12 48 2 42 45 39 19 46 26 7 20 43 15 3 29 11 17 33 
12. Fitness: 5319912 Chromosome: 41 43 19 48 11 4 33 14 56 49 27 16 55 21 23 17 6 10 1 53 3 51 0 15 37 22 5 30 28 18 52 38 12 36 40 20 31 8 2 54 45 39 26 42 32 13 50 29 44 34 7 47 46 9 25 24 35 
13. Fitness: 5332713 Chromosome: 20 55 10 46 48 28 0 24 35 40 27 16 1 44 54 29 38 6 3 8 12 34 22 5 25 43 2 37 56 32 36 14 13 19 11 15 47 26 41 51 50 4 30 31 53 49 18 21 7 39 45 17 42 52 33 9 23 
14. Fitness: 5336714 Chromosome: 21 33 18 11 23 42 48 27 52 4 39 32 22 12 36 20 31 53 1 43 34 6 51 55 37 24 26 50 9 30 8 40 49 56 46 54 28 44 13 45 19 35 38 5 17 41 47 25 15 16 0 29 3 2 7 10 14 
15. Fitness: 5343015 Chromosome: 10 21 18 27 35 49 53 31 4 40 37 43 14 5 38 23 13 19 3 15 34 12 51 26 1 44 41 50 9 30 8 29 0 16 28 48 46 7 39 45 56 6 42 32 17 33 36 11 22 52 25 2 47 54 20 55 24 
16. Fitness: 5359116 Chromosome: 17 20 22 6 52 45 14 26 9 51 12 50 7 32 36 28 3 44 33 48 42 4 41 31 34 10 38 29 2 25 15 56 13 11 21 55 19 49 37 5 30 53 23 16 0 8 35 1 24 43 27 47 46 18 54 40 39 
17. Fitness: 5371317 Chromosome: 20 55 21 18 49 36 14 13 19 11 26 41 50 4 30 31 53 32 56 37 43 25 5 22 34 12 8 3 6 38 54 44 1 16 27 40 35 24 0 28 48 46 7 39 45 17 42 52 33 9 23 15 47 51 10 2 29 
18. Fitness: 5383218 Chromosome: 6 21 34 31 40 0 19 46 43 8 26 41 25 55 32 22 20 1 53 37 23 3 14 36 44 33 49 35 17 5 30 28 18 52 38 39 45 56 9 50 11 27 54 16 12 48 42 13 7 24 4 15 47 51 10 2 29 
19. Fitness: 5388919 Chromosome: 39 45 9 42 18 49 53 31 30 4 50 51 41 26 47 15 11 19 37 56 32 36 14 13 2 43 25 5 22 34 12 8 3 6 38 29 54 44 1 16 27 40 35 24 0 28 48 46 7 10 21 55 20 23 33 17 52 
20. Fitness: 5407920 Chromosome: 39 32 22 36 20 31 53 43 6 55 37 24 50 9 30 8 0 14 5 38 23 29 13 19 3 15 34 12 51 26 16 1 44 41 25 47 17 35 45 28 54 46 56 49 40 2 7 10 21 33 18 11 42 48 27 52 4 
21. Fitness: 5417621 Chromosome: 47 54 12 45 7 44 51 42 46 14 33 18 48 29 38 10 34 13 23 5 41 35 32 50 6 24 17 31 8 52 36 39 20 9 4 40 1 3 28 0 16 53 30 37 49 19 55 21 11 56 15 25 22 43 2 27 26 
22. Fitness: 5418722 Chromosome: 37 14 36 44 5 32 3 35 49 11 15 19 18 24 53 29 1 33 48 42 30 17 26 0 20 45 39 52 23 16 28 38 56 9 50 27 54 12 13 7 4 47 51 10 2 6 21 34 31 40 46 43 8 41 25 55 22 
23. Fitness: 5419423 Chromosome: 33 4 24 3 28 21 29 31 40 44 49 23 17 6 10 18 34 2 1 19 37 53 46 25 15 0 35 5 30 52 38 39 9 50 11 54 12 48 42 13 7 55 45 16 27 56 14 41 26 36 32 22 20 8 47 43 51 
24. Fitness: 5433224 Chromosome: 51 26 20 35 55 49 16 0 8 50 12 27 36 45 39 47 15 25 2 10 34 31 11 42 19 53 33 46 1 43 14 13 52 18 28 30 5 22 54 37 32 41 44 48 29 23 38 6 17 24 9 7 4 40 3 21 56 
25. Fitness: 5443125 Chromosome: 11 46 48 38 5 53 30 50 12 52 42 39 22 25 10 43 41 14 13 54 9 32 37 2 16 33 19 47 45 18 15 49 0 40 31 34 35 3 36 55 8 1 23 6 27 51 7 4 21 44 24 29 20 17 28 26 56 
26. Fitness: 5459126 Chromosome: 42 50 13 24 47 11 35 39 5 41 32 2 54 22 12 36 20 0 51 1 18 10 6 17 23 49 44 40 31 29 55 15 25 3 46 53 37 19 21 28 45 16 27 56 14 38 33 4 48 7 52 9 26 30 8 34 43 
27. Fitness: 5460027 Chromosome: 41 53 43 46 39 3 40 9 50 54 42 48 16 45 56 11 27 13 7 4 47 10 15 25 5 12 26 21 38 52 18 35 49 33 44 36 23 51 0 2 28 24 32 30 17 1 37 19 55 31 34 8 14 29 22 20 6 
28. Fitness: 5460928 Chromosome: 31 6 37 40 1 53 55 41 8 20 43 21 26 25 46 32 49 14 16 19 23 3 36 44 33 35 17 5 30 28 18 52 38 39 45 56 9 50 11 27 54 12 48 42 13 7 24 4 15 47 51 10 22 34 0 29 2 
29. Fitness: 5462129 Chromosome: 21 18 49 53 30 4 50 51 41 26 19 13 14 36 32 56 37 43 5 12 8 3 39 22 47 15 25 2 10 34 31 11 42 6 38 29 54 44 1 16 27 40 35 24 0 28 48 46 7 45 17 52 33 9 23 20 55 
30. Fitness: 5516730 Chromosome: 7 4 21 55 51 20 40 54 26 3 56 49 30 16 0 8 50 12 52 27 36 45 39 22 47 15 25 2 10 34 31 11 42 19 37 53 33 46 18 1 43 41 14 13 29 23 38 5 44 6 48 32 17 24 28 9 35 
31. Fitness: 5519631 Chromosome: 29 54 26 35 24 40 51 47 22 39 33 45 42 36 27 52 12 50 8 16 53 30 37 49 19 56 11 21 55 15 43 6 0 25 2 10 34 31 18 1 41 3 32 23 5 9 7 13 44 46 28 20 17 14 38 48 4 
32. Fitness: 5540132 Chromosome: 46 43 21 18 15 53 31 4 40 50 51 29 17 55 34 6 25 20 26 49 10 35 27 8 1 16 0 14 32 41 44 19 3 39 13 38 12 23 9 33 7 24 11 42 48 37 2 54 22 5 30 28 47 36 52 45 56 
33. Fitness: 5542433 Chromosome: 48 38 52 35 15 37 1 2 10 6 36 20 41 31 55 24 34 18 50 33 8 43 27 56 25 9 0 45 12 30 54 51 47 49 7 21 44 42 46 11 22 29 40 3 16 53 28 19 17 26 4 39 32 14 5 23 13 
34. Fitness: 5552934 Chromosome: 33 12 2 55 25 34 47 37 16 10 13 42 44 46 28 20 17 14 38 23 51 0 40 24 22 35 39 41 26 18 45 54 53 50 56 30 43 29 52 21 4 48 3 6 32 5 15 36 11 9 49 19 27 8 1 31 7 
35. Fitness: 5558435 Chromosome: 51 23 35 3 19 10 4 24 13 42 48 16 52 38 45 56 39 15 47 32 17 46 54 50 9 25 5 12 26 21 30 34 43 7 53 31 18 8 11 27 40 37 55 1 20 0 6 41 22 29 2 28 49 33 44 36 14 
36. Fitness: 5564936 Chromosome: 52 13 35 38 24 50 33 43 9 0 12 30 54 51 47 7 42 11 4 39 25 46 53 37 19 1 2 34 18 10 6 17 23 49 44 40 31 29 21 28 3 55 45 16 27 56 14 41 26 36 32 22 20 8 5 15 48 
37. Fitness: 5565437 Chromosome: 4 40 50 48 51 54 29 41 45 46 0 15 47 19 32 22 20 1 53 37 23 3 14 36 44 33 55 2 34 31 39 16 26 12 56 43 11 42 52 18 28 30 5 17 35 49 24 10 8 13 27 6 21 25 7 9 38 
38. Fitness: 5573938 Chromosome: 23 28 51 3 26 40 56 11 46 48 38 5 55 19 0 16 53 30 37 49 8 50 12 52 27 36 42 45 33 39 22 10 2 25 15 47 34 31 18 1 43 41 14 13 54 9 7 4 21 44 24 29 35 32 20 6 17 
39. Fitness: 5577139 Chromosome: 48 21 34 31 40 0 19 46 43 8 26 41 25 55 32 22 20 1 53 44 36 14 3 23 37 33 49 35 17 5 30 28 18 52 38 39 45 56 9 50 11 27 54 42 13 7 24 4 15 47 51 10 2 29 6 16 12 
40. Fitness: 5581340 Chromosome: 42 54 8 9 14 31 47 32 2 18 6 24 28 39 36 4 52 40 26 17 5 30 37 49 19 55 21 11 56 43 0 25 41 45 23 22 38 12 20 29 46 50 33 27 16 10 1 53 3 51 15 34 7 48 44 35 13 
41. Fitness: 5587341 Chromosome: 26 52 23 21 41 39 28 29 50 14 8 12 34 31 55 19 37 1 15 32 33 20 45 6 0 42 9 54 46 22 53 10 30 44 3 13 11 43 56 49 51 18 2 35 27 47 24 16 25 7 48 40 38 5 17 4 36 
42. Fitness: 5613442 Chromosome: 44 33 18 54 40 39 35 8 16 23 42 4 41 31 34 10 38 29 2 25 15 56 13 17 20 22 6 51 50 52 32 45 14 26 12 7 0 11 21 55 19 49 37 5 30 53 48 46 47 27 43 1 24 9 36 28 3 
43. Fitness: 5617843 Chromosome: 6 21 34 31 40 0 19 46 43 8 26 41 25 55 32 22 20 1 53 37 23 3 14 36 44 33 49 35 17 5 30 28 18 52 13 42 48 12 16 54 27 11 50 9 56 45 39 38 7 24 4 15 47 51 10 2 29 
44. Fitness: 5631444 Chromosome: 4 17 5 2 22 51 53 6 52 42 34 19 31 25 36 20 3 55 7 39 21 11 56 15 29 10 33 32 50 12 9 43 14 47 46 45 18 54 30 26 44 38 13 41 1 16 27 40 35 24 0 28 48 8 23 37 49 
45. Fitness: 5643945 Chromosome: 35 23 42 4 41 10 38 29 2 25 13 17 20 22 6 51 50 52 32 45 14 0 21 5 30 1 18 31 34 55 37 26 36 8 56 49 15 40 11 16 7 24 9 12 19 53 48 33 44 3 28 43 27 47 46 54 39 
46. Fitness: 5657746 Chromosome: 44 32 54 26 17 28 9 5 23 35 55 49 30 16 0 8 50 12 52 27 36 45 39 22 47 15 25 2 10 34 31 48 7 51 3 6 21 56 4 24 20 40 38 29 13 14 41 43 1 18 46 33 53 37 19 42 11 
47. Fitness: 5665247 Chromosome: 3 21 56 51 26 20 54 55 49 30 16 0 8 50 12 52 27 36 45 17 32 48 6 5 38 23 29 13 14 41 43 1 18 46 33 53 37 42 11 31 34 10 2 25 15 35 44 19 47 22 39 24 28 9 7 4 40 
48. Fitness: 5670748 Chromosome: 54 46 47 42 23 41 18 8 40 16 39 35 4 31 34 10 38 29 2 25 15 56 13 17 20 22 6 51 50 52 32 45 14 26 12 7 0 11 21 55 19 49 37 5 30 53 48 33 44 3 28 36 1 9 24 43 27 
49. Fitness: 5671149 Chromosome: 32 3 34 31 40 0 19 35 49 11 15 18 24 53 29 1 33 48 42 30 17 26 20 45 39 52 23 16 22 47 51 12 14 50 7 38 4 10 8 9 25 41 5 6 13 43 27 46 54 28 56 21 44 36 2 55 37 
50. Fitness: 5675050 Chromosome: 47 49 51 21 24 27 20 53 46 8 54 35 19 15 40 16 48 50 44 42 10 32 45 14 26 12 7 13 0 36 25 17 5 38 23 29 9 6 3 34 31 41 4 28 1 37 55 2 33 52 18 22 39 30 56 43 11 
51. Fitness: 5678651 Chromosome: 26 47 22 39 33 6 5 29 41 45 13 42 44 46 28 20 17 14 38 23 51 0 40 24 43 1 18 31 34 10 2 25 15 56 11 21 55 19 49 37 30 53 16 8 50 12 52 27 36 48 32 9 7 3 4 35 54 
52. Fitness: 5692752 Chromosome: 0 6 31 34 21 25 32 16 23 3 36 44 33 17 30 28 52 38 56 50 11 27 12 42 24 15 51 10 18 1 47 53 55 49 4 14 5 35 9 48 43 20 7 26 46 19 39 45 54 2 8 13 41 29 22 40 37 
53. Fitness: 5701353 Chromosome: 47 4 13 42 29 12 31 24 7 33 16 14 11 40 15 49 56 1 8 36 43 26 34 37 55 6 0 35 5 46 19 3 25 28 44 23 50 17 30 32 2 51 18 52 38 45 9 27 54 48 22 20 41 53 21 39 10 
54. Fitness: 5704454 Chromosome: 35 11 49 25 26 9 10 46 53 31 4 14 50 15 40 8 56 33 0 12 20 45 34 7 27 16 18 1 43 29 23 38 6 48 3 39 13 55 42 24 17 19 44 41 32 37 2 54 22 5 30 28 47 36 52 21 51 
55. Fitness: 5721655 Chromosome: 2 27 26 47 54 11 16 30 12 45 25 7 21 51 19 49 56 14 44 42 10 0 55 22 52 8 31 17 24 6 15 50 32 35 41 5 23 13 34 38 29 48 18 33 46 28 3 37 53 1 40 4 9 20 39 36 43 
56. Fitness: 5723456 Chromosome: 53 56 26 15 40 46 21 48 7 54 28 24 44 42 51 49 14 11 35 17 5 38 29 4 36 39 20 45 22 12 43 6 0 25 2 10 34 31 18 1 41 3 32 23 55 19 50 37 52 30 16 47 9 13 8 33 27 
57. Fitness: 5733457 Chromosome: 1 33 5 6 21 16 8 23 42 48 27 52 4 43 11 50 9 56 45 20 14 19 17 36 2 54 26 30 12 34 24 37 31 53 55 51 49 38 29 13 10 15 40 28 18 25 47 35 44 41 0 3 46 7 39 32 22 
58. Fitness: 5746558 Chromosome: 46 43 21 18 8 27 35 10 49 26 20 0 25 6 34 17 29 51 50 40 4 31 53 15 1 11 14 16 33 7 24 9 23 12 38 13 3 48 19 44 41 32 2 54 22 5 30 28 47 36 52 42 39 55 37 45 56 
59. Fitness: 5762259 Chromosome: 7 24 26 41 37 2 16 19 45 18 49 0 46 56 4 50 33 44 51 54 29 9 25 5 17 32 47 15 39 27 11 22 40 20 14 38 21 43 30 53 6 23 1 8 55 36 35 34 31 3 10 12 28 52 48 42 13 
60. Fitness: 5778260 Chromosome: 47 40 28 19 41 3 39 2 7 1 10 14 21 33 18 30 26 50 20 43 4 52 27 36 48 42 23 8 11 12 34 24 37 31 53 55 51 6 29 32 0 16 15 22 38 35 13 49 45 5 25 9 54 44 56 46 17 
61. Fitness: 5780961 Chromosome: 45 21 9 11 36 15 33 17 14 20 5 32 42 29 6 56 4 52 19 25 2 47 54 22 10 30 26 44 38 13 41 1 16 27 40 35 49 50 24 0 28 48 3 23 51 12 34 43 53 31 37 18 8 55 46 7 39 
62. Fitness: 5781262 Chromosome: 50 6 20 4 52 16 18 11 8 42 35 43 27 36 37 45 30 49 40 31 29 21 17 51 1 46 14 15 55 10 33 26 47 32 41 44 19 48 3 39 13 38 12 23 9 24 7 34 2 28 56 54 25 0 53 22 5 
63. Fitness: 5785463 Chromosome: 30 37 19 11 56 43 2 31 1 41 32 49 23 51 6 42 18 44 24 34 25 28 54 7 48 21 46 40 0 12 22 45 20 39 36 4 10 29 38 5 17 26 3 15 55 9 13 14 35 47 33 27 52 50 8 16 53 
64. Fitness: 5785664 Chromosome: 16 47 0 40 35 3 2 11 52 45 56 9 36 6 20 50 4 32 5 7 46 48 28 24 23 53 30 49 19 55 21 13 25 38 10 34 31 18 1 43 33 42 15 41 14 44 27 39 22 17 54 8 37 12 51 26 29 
65. Fitness: 5817365 Chromosome: 3 46 47 26 20 28 17 41 50 40 39 2 19 7 33 14 1 10 21 43 4 52 27 36 48 42 23 8 11 12 34 24 37 31 53 55 51 6 29 32 0 16 15 22 38 35 13 49 45 5 25 9 54 44 56 18 30 
66. Fitness: 5825866 Chromosome: 46 40 54 20 26 51 32 35 24 47 22 39 33 45 42 36 27 52 12 50 44 5 38 23 29 13 14 41 43 1 18 31 34 8 0 16 53 30 37 49 19 55 21 11 56 15 25 2 10 6 48 17 28 9 7 3 4 
67. Fitness: 5830667 Chromosome: 40 0 3 53 1 2 41 11 52 45 56 9 36 15 33 4 17 22 14 20 5 32 39 7 54 28 25 34 24 44 18 51 6 42 23 49 55 43 31 37 21 12 8 30 26 29 13 19 10 48 50 35 47 46 27 16 38 
68. Fitness: 5846968 Chromosome: 29 26 44 32 40 35 3 23 6 48 38 5 55 19 0 16 53 30 37 49 8 50 12 52 27 36 42 45 33 39 22 47 15 25 2 10 34 31 18 1 43 41 14 13 51 56 21 4 17 20 46 54 28 9 11 7 24 
69. Fitness: 5866369 Chromosome: 21 40 0 46 8 41 25 32 22 20 23 36 44 33 35 17 5 30 28 18 52 38 45 9 37 53 4 7 13 48 54 27 50 19 42 11 43 56 49 12 26 16 3 1 39 31 34 2 14 55 24 15 47 51 10 29 6 
70. Fitness: 5879170 Chromosome: 12 11 22 3 8 50 32 36 55 21 17 34 31 15 18 23 48 19 35 51 28 2 54 47 27 43 6 5 53 24 41 40 45 9 7 13 33 26 16 14 49 10 42 1 37 4 52 39 46 44 38 25 56 0 20 29 30 
71. Fitness: 5895571 Chromosome: 38 29 50 32 36 55 17 34 31 45 25 12 56 37 11 52 4 46 44 42 10 49 14 16 26 33 13 9 40 41 24 53 5 6 43 27 47 54 2 28 51 35 19 48 23 18 15 21 7 22 8 39 20 0 30 1 3 
72. Fitness: 5895672 Chromosome: 4 13 7 23 45 2 39 15 47 17 46 54 9 25 5 21 1 56 36 42 0 38 27 18 22 48 19 8 52 33 32 29 6 51 55 53 31 37 24 34 12 30 26 50 20 43 41 3 44 35 11 10 49 28 40 16 14 
73. Fitness: 5896373 Chromosome: 56 15 2 29 34 3 45 41 54 18 30 5 43 36 40 31 47 4 22 17 39 49 10 35 27 8 1 11 14 16 33 7 48 42 0 44 38 12 23 9 24 20 6 25 28 32 50 51 52 26 46 53 37 19 55 21 13 
74. Fitness: 5911774 Chromosome: 43 49 30 21 26 45 42 46 56 4 50 33 44 51 54 29 9 19 16 40 22 11 27 39 15 47 32 17 5 25 12 53 28 24 31 34 35 3 36 55 8 1 41 38 37 6 2 20 10 13 52 23 48 18 14 0 7 
75. Fitness: 5921075 Chromosome: 47 5 6 22 39 52 15 42 33 25 21 32 11 50 9 45 20 14 17 36 2 54 8 18 37 31 53 43 34 12 23 10 30 26 44 55 51 49 56 38 29 13 19 41 1 16 27 40 35 24 0 28 48 3 46 7 4 
76. Fitness: 5927476 Chromosome: 40 35 2 11 52 45 56 9 36 15 33 4 17 22 14 20 5 32 39 7 54 28 25 34 24 53 3 51 0 6 42 18 44 23 49 55 43 31 37 21 12 8 30 26 29 13 19 10 1 41 27 50 48 38 46 16 47 
77. Fitness: 5929677 Chromosome: 47 18 4 53 27 54 21 52 39 45 20 42 50 25 3 46 5 35 6 26 43 8 16 14 11 40 15 49 56 33 7 9 12 38 10 44 36 23 51 0 2 28 24 32 30 17 1 37 19 55 31 34 29 48 41 22 13 
78. Fitness: 5942978 Chromosome: 3 51 15 28 29 41 22 17 45 20 46 0 47 5 6 55 37 34 26 36 8 1 56 49 40 14 31 43 30 18 52 38 12 2 54 39 42 32 13 50 44 35 19 7 9 48 25 24 11 4 33 27 16 21 23 10 53 
79. Fitness: 5944479 Chromosome: 46 40 35 54 20 26 51 47 22 39 33 45 42 36 32 24 27 52 12 50 10 2 25 15 56 11 21 55 19 49 37 30 53 16 0 8 34 31 41 43 1 18 14 13 29 23 38 5 44 6 48 17 28 9 7 3 4 
80. Fitness: 5946880 Chromosome: 17 14 38 35 41 18 45 53 43 21 4 48 5 11 26 30 52 40 51 54 29 22 34 2 24 28 50 32 55 23 25 12 9 13 16 49 10 33 42 15 7 46 20 56 0 47 6 36 39 3 19 37 44 8 31 1 27 
81. Fitness: 5951381 Chromosome: 53 15 14 31 47 32 2 6 24 28 39 4 26 17 49 19 55 21 11 56 0 25 10 34 1 41 13 44 48 7 3 46 35 54 51 33 45 30 9 5 23 37 22 18 52 38 12 36 40 20 43 29 42 27 50 8 16 
82. Fitness: 5951482 Chromosome: 52 38 39 36 20 31 15 6 23 45 30 54 2 7 44 51 42 24 1 13 37 53 46 21 12 40 32 33 17 26 0 35 5 55 49 56 19 16 3 28 34 8 41 9 4 48 22 18 14 10 29 43 50 25 47 11 27 
83. Fitness: 5971883 Chromosome: 43 21 18 42 53 31 4 40 50 29 34 6 25 0 20 26 49 35 27 8 11 16 33 7 24 9 23 12 38 13 39 48 44 17 3 32 41 51 1 46 14 19 15 55 10 37 2 54 22 28 30 5 47 36 52 45 56 
84. Fitness: 5978084 Chromosome: 29 1 40 16 14 4 31 53 13 7 23 30 20 37 45 2 39 15 47 32 17 46 54 50 9 25 5 12 26 21 28 49 24 10 51 11 35 44 3 41 33 52 43 8 19 48 22 18 27 55 38 0 34 42 36 56 6 
85. Fitness: 5989085 Chromosome: 29 1 40 16 14 4 31 53 13 7 23 30 20 37 45 2 39 15 32 17 46 54 9 5 12 21 28 49 24 10 51 11 35 44 3 41 33 52 19 48 22 18 27 55 38 0 42 36 26 8 34 43 50 25 47 56 6 
86. Fitness: 5994086 Chromosome: 5 27 26 47 54 11 16 30 12 45 25 7 21 38 23 29 13 14 41 17 20 28 32 48 36 52 50 8 0 53 37 49 19 55 56 15 2 10 34 31 18 1 43 46 24 9 3 4 40 35 51 22 39 33 42 6 44 
87. Fitness: 5997987 Chromosome: 47 5 29 6 22 39 52 15 42 33 25 21 49 32 11 50 9 56 45 20 14 19 17 36 2 54 18 43 53 31 55 34 12 51 10 26 44 38 13 41 1 16 27 40 35 24 0 28 48 3 46 7 4 8 23 30 37 
88. Fitness: 6018788 Chromosome: 31 6 42 1 29 13 53 40 4 7 23 30 20 37 45 2 39 15 47 32 17 46 54 50 9 25 5 12 26 21 28 49 24 10 51 11 35 44 3 41 33 52 43 8 19 48 22 18 27 55 38 0 34 14 56 16 36 
89. Fitness: 6046789 Chromosome: 28 3 18 30 26 20 43 27 34 6 32 0 35 13 49 25 44 55 17 41 29 54 51 48 50 40 52 4 31 42 37 56 39 2 19 38 12 23 9 24 7 33 16 14 11 8 22 53 1 10 45 5 21 36 15 46 47 
90. Fitness: 6114590 Chromosome: 8 34 43 42 50 25 11 35 5 41 37 54 12 36 1 53 51 0 15 20 18 6 44 40 31 21 3 55 45 27 56 33 7 9 46 17 32 47 39 38 52 16 48 13 24 4 49 14 23 19 10 28 2 29 22 26 30 
91. Fitness: 6129591 Chromosome: 14 56 27 16 28 52 38 39 36 20 31 15 0 6 17 23 45 30 5 54 2 49 7 44 51 42 3 10 24 1 29 13 19 37 53 46 21 12 40 32 33 18 22 55 48 4 9 41 26 8 34 43 50 25 47 11 35 
92. Fitness: 6134292 Chromosome: 29 41 22 17 46 0 47 5 6 55 37 34 1 56 49 14 43 30 42 33 32 11 50 7 23 44 15 28 25 3 16 19 12 36 40 20 31 8 2 54 45 39 26 24 9 38 13 21 52 10 18 27 35 53 4 48 51 
93. Fitness: 6165993 Chromosome: 40 35 3 20 17 2 54 11 52 45 56 9 36 15 33 4 22 14 5 32 39 7 28 25 34 24 44 18 42 6 51 23 49 55 43 31 37 46 38 48 50 53 27 41 1 10 19 13 29 26 30 8 12 21 16 47 0 
94. Fitness: 6228094 Chromosome: 35 7 44 43 31 37 21 12 8 30 26 29 13 19 10 38 41 1 15 36 9 56 45 52 11 50 46 3 2 0 48 55 49 23 51 6 42 18 24 34 25 28 54 39 32 5 20 14 22 17 4 33 47 16 53 27 40 
95. Fitness: 6232995 Chromosome: 33 42 11 40 15 49 56 16 3 39 2 48 36 27 52 4 43 20 30 32 17 46 54 50 9 25 5 12 26 21 34 24 37 31 53 55 51 6 29 0 28 1 19 8 14 10 44 22 13 35 18 23 45 47 7 38 41 
96. Fitness: 6293196 Chromosome: 25 21 34 48 51 28 2 54 5 45 7 13 33 49 10 44 46 52 56 39 0 42 23 17 36 20 31 29 43 30 19 12 11 22 40 3 16 53 47 27 8 14 41 35 32 50 15 9 1 37 6 24 4 26 55 18 38 
97. Fitness: 6341297 Chromosome: 38 1 8 12 21 9 52 39 36 20 31 15 0 6 17 23 45 30 5 54 2 49 7 44 40 43 42 33 32 28 3 35 55 56 19 16 26 14 10 29 34 48 51 41 22 18 37 4 46 50 13 25 24 47 11 53 27 
98. Fitness: 6370398 Chromosome: 19 18 54 27 6 23 48 35 39 45 22 42 9 50 33 32 36 55 21 44 17 34 31 40 41 4 7 24 53 5 13 43 52 16 14 47 10 28 2 46 51 12 8 20 26 0 30 1 3 38 29 25 56 37 49 11 15 
99. Fitness: 6402599 Chromosome: 29 19 10 15 12 3 13 11 39 45 22 42 9 50 33 32 36 55 21 44 17 34 31 40 41 4 7 24 53 43 56 49 51 47 16 52 20 38 5 14 26 2 8 25 35 18 54 46 27 6 37 28 1 48 30 0 23 
