Recombination Probability: 80
Mutation Probability: 60
Population Size: 100
Maximum Number Of Generations: 10000
Crossover Operator: PMX Crossover
Mutation Operator: Swap Mutation
0. Fitness: 484090 Chromosome: 23 10 19 40 48 7 47 39 50 5 27 38 4 3 37 12 16 13 34 26 2 43 55 0 1 8 35 53 22 30 31 32 49 44 46 28 14 24 33 18 42 45 25 15 21 54 29 11 17 41 9 52 51 6 36 56 20 
1. Fitness: 503391 Chromosome: 4 45 47 51 13 7 23 5 39 38 15 14 2 34 49 1 37 6 16 24 3 29 55 31 41 10 35 21 25 9 30 32 40 44 46 28 27 36 33 48 42 19 26 11 53 20 22 50 54 52 56 43 8 12 0 18 17 
2. Fitness: 503742 Chromosome: 52 11 6 26 39 3 5 54 34 50 16 21 27 19 4 8 17 7 9 1 14 2 55 0 44 38 35 53 22 30 31 32 49 41 46 28 12 24 33 18 42 45 25 15 47 48 29 36 10 40 13 37 23 56 51 20 43 
3. Fitness: 504873 Chromosome: 6 21 30 10 9 43 32 39 53 23 8 15 0 34 56 7 40 25 44 3 24 37 55 31 41 20 35 27 19 50 4 46 45 11 54 12 17 14 13 48 42 5 2 52 26 49 16 38 47 33 1 18 51 22 29 36 28 
4. Fitness: 509244 Chromosome: 8 7 27 31 9 43 32 39 53 37 6 15 47 1 12 21 40 25 44 3 24 23 55 10 41 20 38 30 19 50 4 46 45 11 54 56 17 14 13 48 42 5 2 52 26 49 16 35 0 33 34 18 51 22 29 36 28 
5. Fitness: 509465 Chromosome: 8 7 27 31 9 43 32 39 53 37 6 15 47 1 12 21 40 25 44 3 24 23 55 10 41 20 35 30 19 50 4 46 45 11 54 56 17 14 13 48 42 5 2 52 26 49 16 38 0 33 34 18 51 22 29 36 28 
6. Fitness: 512996 Chromosome: 25 14 8 37 48 16 47 53 21 15 38 3 31 6 18 5 27 12 51 1 56 20 10 35 39 7 34 30 43 55 40 32 49 44 46 28 50 13 33 24 42 19 26 11 36 23 29 17 0 22 2 9 54 41 4 45 52 
7. Fitness: 514617 Chromosome: 53 5 55 16 46 13 23 36 1 51 0 15 6 19 24 37 7 43 9 18 35 30 49 29 41 10 34 4 22 14 2 52 47 28 56 33 25 20 27 48 42 45 40 11 38 32 50 54 26 31 39 44 8 12 21 3 17 
8. Fitness: 514868 Chromosome: 46 14 6 26 10 3 5 16 24 2 18 12 8 39 9 33 28 50 17 31 52 43 55 36 41 20 35 56 19 48 54 13 45 42 27 38 11 22 34 23 15 37 25 53 47 1 29 32 44 21 0 40 7 4 51 49 30 
9. Fitness: 518469 Chromosome: 35 8 40 37 44 28 45 42 38 7 32 16 52 6 34 5 13 12 51 17 53 20 10 39 41 49 47 56 19 4 36 25 3 24 22 21 30 33 0 43 11 31 15 2 55 18 27 26 46 48 54 9 29 23 50 14 1 
10. Fitness: 5212210 Chromosome: 35 8 13 37 44 20 49 42 52 10 56 26 6 34 32 7 40 25 50 3 5 47 22 14 21 45 28 38 16 24 36 12 17 4 53 41 30 33 0 43 11 31 15 2 55 18 27 19 46 48 54 9 29 23 51 39 1 
11. Fitness: 5236811 Chromosome: 8 37 36 42 32 38 16 13 45 7 14 22 47 3 34 5 28 50 51 1 56 20 10 35 39 21 26 29 6 52 49 12 17 4 53 41 30 33 0 43 11 31 15 2 55 18 27 19 46 48 25 23 24 54 9 40 44 
12. Fitness: 5252712 Chromosome: 8 37 35 23 45 4 2 33 21 36 44 3 31 6 18 5 28 12 51 1 56 20 10 0 41 14 38 30 40 22 27 32 49 15 46 34 50 13 39 24 42 19 26 11 55 52 53 54 25 7 47 16 9 17 29 48 43 
13. Fitness: 5290313 Chromosome: 24 12 36 41 30 37 16 28 43 51 9 33 52 6 56 7 40 25 50 3 5 47 53 14 21 49 20 34 19 4 54 10 1 22 0 38 32 26 39 45 11 31 15 2 55 18 27 29 23 35 42 48 17 46 8 13 44 
14. Fitness: 5343914 Chromosome: 6 7 49 10 27 23 4 39 8 38 17 24 52 36 19 5 32 29 51 1 56 12 55 31 9 35 3 21 50 54 0 11 41 30 53 28 14 34 33 18 42 45 25 15 47 48 40 20 13 22 43 44 16 37 26 2 46 
15. Fitness: 5345115 Chromosome: 15 18 22 7 29 12 38 11 8 54 16 20 6 5 24 37 13 25 9 55 35 30 19 0 41 10 31 4 23 14 2 52 47 28 56 33 49 40 27 48 42 34 44 36 26 32 51 3 21 50 43 1 46 39 53 45 17 
16. Fitness: 5350816 Chromosome: 53 5 49 29 39 7 22 11 34 50 16 21 6 19 24 37 13 43 9 18 35 30 55 0 41 10 31 40 23 14 2 52 47 28 56 33 25 20 27 48 42 45 4 36 38 32 51 54 26 1 46 44 8 12 15 3 17 
17. Fitness: 5356617 Chromosome: 24 32 18 26 10 3 5 12 34 50 16 52 13 21 53 27 28 1 17 22 14 2 55 0 44 20 35 15 19 48 47 7 45 36 38 37 4 40 54 23 42 41 39 43 8 56 30 33 46 51 25 49 11 9 29 31 6 
18. Fitness: 5370618 Chromosome: 13 30 51 55 23 20 0 40 8 10 12 16 6 34 56 7 24 25 50 3 5 47 22 21 14 45 54 38 26 42 31 32 49 44 39 28 52 37 33 18 35 2 48 46 43 15 29 11 17 41 53 4 19 1 36 27 9 
19. Fitness: 5388919 Chromosome: 25 11 51 37 40 41 38 17 46 42 18 56 47 1 21 5 28 24 50 22 23 52 55 0 44 20 35 15 19 48 54 7 45 36 53 32 30 33 26 8 14 31 2 29 4 39 9 13 49 3 6 43 34 10 27 12 16 
20. Fitness: 5423320 Chromosome: 14 8 36 11 32 38 16 13 45 7 48 33 47 3 34 5 28 12 51 1 56 20 10 35 39 21 26 19 6 52 49 50 17 4 53 41 30 40 0 43 37 31 15 2 55 18 27 42 46 44 54 9 29 23 25 24 22 
21. Fitness: 5431321 Chromosome: 32 15 36 43 24 53 16 13 31 21 34 4 49 8 30 5 28 0 51 1 56 20 10 35 39 7 26 14 6 9 50 48 17 22 38 27 37 11 12 54 42 19 25 2 55 18 41 45 46 47 33 52 29 23 3 40 44 
22. Fitness: 5523522 Chromosome: 4 51 55 0 46 40 23 11 34 33 16 21 6 19 24 37 13 43 9 18 35 47 22 14 15 38 5 53 25 2 31 32 49 44 39 28 52 7 50 48 42 1 26 36 41 20 29 45 54 56 30 27 8 12 10 17 3 
23. Fitness: 5548123 Chromosome: 28 8 13 21 36 17 2 39 38 10 5 14 53 34 41 11 37 6 27 24 35 12 30 31 9 20 3 40 19 45 0 25 49 44 52 46 4 23 56 50 42 18 26 32 55 16 22 15 29 7 54 48 47 33 51 43 1 
24. Fitness: 5561324 Chromosome: 10 40 25 16 0 6 23 34 47 18 49 43 33 15 53 20 28 1 44 3 24 37 55 31 41 36 35 30 19 50 4 46 45 11 54 12 17 14 13 48 42 5 2 52 8 56 29 22 32 27 38 26 9 7 51 39 21 
25. Fitness: 5564525 Chromosome: 41 8 50 37 45 22 33 43 18 10 38 15 3 34 56 7 28 5 47 29 25 35 20 0 55 23 4 32 6 31 53 46 49 11 54 12 17 14 13 48 42 36 2 16 26 52 40 30 24 19 51 44 1 27 9 39 21 
26. Fitness: 5572526 Chromosome: 6 41 21 43 9 22 32 39 53 28 14 15 0 34 5 45 31 25 50 1 56 20 10 8 27 7 23 38 33 12 4 46 49 11 37 35 17 13 55 48 42 36 2 16 26 24 51 3 52 19 40 44 30 54 29 18 47 
27. Fitness: 5581227 Chromosome: 25 30 26 50 28 17 54 5 42 27 44 15 41 3 37 40 49 8 2 36 52 43 14 31 0 20 35 56 19 48 33 13 45 47 24 38 11 9 34 23 53 21 4 16 22 12 1 7 29 32 10 55 51 39 46 6 18 
28. Fitness: 5581628 Chromosome: 54 29 22 18 14 53 41 32 28 21 10 15 0 34 56 45 31 25 50 30 5 47 43 8 27 7 23 38 33 12 4 46 49 11 37 35 17 13 40 48 42 36 2 16 26 52 51 3 24 19 55 44 1 20 39 9 6 
29. Fitness: 5592729 Chromosome: 6 41 21 10 9 40 52 39 54 28 14 2 17 34 55 12 31 35 11 3 5 1 43 8 27 24 13 37 19 45 0 25 49 44 38 46 4 23 56 50 42 18 26 32 30 16 22 15 29 7 53 48 47 33 51 36 20 
30. Fitness: 5596830 Chromosome: 17 16 4 55 30 8 40 46 28 34 36 49 37 39 22 13 2 43 53 15 52 26 18 44 25 10 35 21 29 9 50 48 45 27 38 47 1 14 5 20 3 0 51 6 33 23 56 19 12 54 41 42 32 7 31 11 24 
31. Fitness: 5601731 Chromosome: 52 53 45 43 42 20 26 19 48 5 24 3 46 36 33 37 13 25 40 55 56 30 21 0 41 10 14 44 6 31 27 49 7 32 35 38 34 9 11 23 15 17 4 16 22 12 29 28 8 50 54 2 51 1 18 39 47 
32. Fitness: 5605732 Chromosome: 51 32 38 39 0 6 23 34 47 18 49 43 33 15 53 4 28 1 44 3 24 37 55 31 41 20 35 30 19 50 36 46 45 11 54 12 17 14 13 48 42 5 2 52 8 56 21 27 10 40 25 16 22 7 29 9 26 
33. Fitness: 5621333 Chromosome: 24 9 40 39 46 37 30 34 22 55 49 52 13 15 45 8 48 31 17 50 43 2 18 44 25 35 27 23 21 32 36 28 53 10 38 47 1 14 5 20 3 0 51 6 33 29 56 19 12 54 41 16 11 7 26 4 42 
34. Fitness: 5629134 Chromosome: 10 45 47 51 13 7 23 5 39 55 15 3 2 31 49 1 37 6 0 36 14 26 38 34 41 4 28 21 25 9 30 32 40 44 46 35 27 24 33 48 42 19 29 11 53 20 22 50 54 52 56 43 8 12 16 18 17 
35. Fitness: 5637335 Chromosome: 25 30 26 50 28 17 54 5 42 27 44 15 41 3 37 40 49 51 2 36 52 43 14 31 0 20 35 56 19 48 33 13 45 47 24 38 11 9 34 23 53 21 4 16 22 12 1 7 29 32 10 55 8 39 46 6 18 
36. Fitness: 5643436 Chromosome: 32 15 36 43 24 53 16 13 31 21 34 4 49 8 30 5 28 0 51 1 56 20 10 35 39 7 26 14 6 9 50 48 17 22 38 27 37 11 12 54 42 45 25 2 55 44 41 19 46 47 33 52 29 23 3 40 18 
37. Fitness: 5648437 Chromosome: 48 28 54 39 14 52 51 32 34 17 10 15 47 1 43 21 37 6 27 24 35 12 55 31 9 20 3 40 19 45 0 25 49 44 38 46 4 23 56 50 42 18 26 8 2 30 29 11 5 53 33 16 41 13 22 36 7 
38. Fitness: 5653038 Chromosome: 45 32 12 33 28 37 51 46 5 13 25 36 44 56 16 34 7 24 1 40 8 20 10 35 39 21 26 14 6 52 49 50 17 4 53 41 30 22 0 43 11 31 15 2 55 18 27 29 23 38 42 48 3 9 19 54 47 
39. Fitness: 5656039 Chromosome: 28 8 13 0 36 17 53 11 52 10 5 14 2 34 41 39 37 6 27 24 35 12 55 31 9 20 3 40 19 45 49 50 21 44 38 46 4 23 56 25 42 18 26 32 30 16 22 15 29 7 54 48 47 33 51 43 1 
40. Fitness: 5665240 Chromosome: 6 7 49 10 27 23 4 39 18 38 21 15 47 1 50 5 28 54 17 53 56 43 55 0 41 48 3 40 19 14 2 52 42 45 36 9 30 33 12 8 32 24 31 29 20 11 51 35 13 22 34 44 16 37 26 25 46 
41. Fitness: 5670741 Chromosome: 56 46 40 4 43 50 12 19 48 36 44 14 2 34 49 1 37 6 0 24 3 29 55 31 41 10 28 21 5 7 54 22 32 17 52 35 38 45 33 27 42 18 47 25 30 16 8 13 20 11 23 39 26 9 15 53 51 
42. Fitness: 5674442 Chromosome: 19 20 16 55 38 21 51 25 34 37 6 15 47 1 12 13 2 4 0 17 36 52 43 8 27 9 35 3 44 39 5 22 50 10 46 28 14 54 33 18 42 45 40 53 48 29 56 49 26 32 41 23 30 7 31 11 24 
43. Fitness: 5679843 Chromosome: 4 23 10 16 38 21 2 55 28 32 33 20 47 36 52 54 8 12 0 40 53 35 3 56 14 39 15 17 29 34 50 48 45 44 18 1 41 30 43 6 42 19 26 11 7 46 22 31 37 24 9 27 13 25 51 5 49 
44. Fitness: 5682344 Chromosome: 6 41 56 10 25 18 21 49 48 37 44 3 15 27 32 5 28 9 17 50 24 47 43 8 34 7 23 38 33 35 4 46 39 11 54 12 2 14 13 53 42 36 0 16 26 52 51 30 45 19 40 55 1 31 29 22 20 
45. Fitness: 5683845 Chromosome: 17 8 13 37 10 22 16 42 52 44 39 15 18 30 56 2 28 5 50 36 47 43 25 0 1 51 4 32 6 31 53 24 14 11 35 41 34 33 12 20 40 3 49 38 55 26 27 19 46 48 54 9 29 23 45 7 21 
46. Fitness: 5692146 Chromosome: 8 4 36 11 32 27 34 19 52 54 16 40 6 3 47 24 44 49 18 7 2 37 55 0 33 23 15 14 25 53 26 50 51 20 1 22 29 38 35 9 42 21 43 39 10 45 48 30 31 13 12 46 28 17 5 41 56 
47. Fitness: 5694847 Chromosome: 21 46 14 45 54 19 47 56 2 24 7 11 50 10 4 8 17 39 9 1 12 43 55 0 41 38 35 53 22 30 31 5 51 20 36 40 29 6 26 48 23 18 34 25 3 16 44 13 52 33 42 37 32 28 15 49 27 
48. Fitness: 5695748 Chromosome: 52 36 6 40 30 19 5 48 18 33 39 47 14 3 37 24 16 49 34 22 2 43 55 0 31 45 15 38 26 10 1 12 13 28 53 27 4 32 50 42 9 8 23 46 21 54 29 11 17 41 7 44 25 56 51 20 35 
49. Fitness: 5700949 Chromosome: 45 32 12 33 28 37 51 11 52 10 5 14 2 34 41 39 7 24 1 40 8 20 13 35 56 21 26 36 6 25 49 50 53 4 17 16 30 22 0 43 46 31 15 44 55 18 27 29 23 38 42 48 3 9 19 54 47 
50. Fitness: 5721550 Chromosome: 22 37 12 21 45 4 2 39 30 10 31 15 0 34 56 20 40 25 44 3 5 47 43 8 27 7 23 38 33 52 41 32 49 14 46 28 50 13 6 24 42 19 26 11 36 35 53 54 18 51 55 16 9 17 29 48 1 
51. Fitness: 5730451 Chromosome: 28 31 3 21 36 0 53 44 52 10 25 14 2 34 41 39 40 6 9 24 5 47 43 8 27 7 23 38 33 12 4 46 49 11 37 35 17 13 56 50 42 22 26 32 30 16 18 15 29 20 54 48 45 19 51 55 1 
52. Fitness: 5748152 Chromosome: 39 28 16 30 2 31 13 32 36 9 37 45 51 52 19 40 10 4 33 47 25 43 55 44 41 38 35 56 24 12 50 46 49 11 3 27 54 48 34 26 8 17 23 0 22 42 18 7 5 1 20 15 29 21 6 53 14 
53. Fitness: 5764453 Chromosome: 28 8 13 21 36 17 53 11 52 10 29 14 2 34 41 39 37 6 27 24 35 12 55 31 9 20 3 7 19 45 0 25 49 44 38 46 4 23 56 50 42 18 26 32 30 16 22 15 5 40 33 48 47 54 51 43 1 
54. Fitness: 5768654 Chromosome: 8 18 43 23 15 4 22 45 38 10 5 14 2 34 41 39 37 6 27 24 35 12 55 31 9 20 3 40 19 0 52 32 49 44 46 28 50 13 33 25 42 1 26 11 36 21 53 54 56 7 47 16 30 17 29 48 51 
55. Fitness: 5772655 Chromosome: 51 10 38 39 0 6 23 52 47 18 2 43 13 15 45 36 12 1 11 3 42 37 55 4 41 25 35 49 22 30 31 19 53 44 46 28 14 34 33 48 40 32 27 17 9 20 29 50 54 24 56 16 5 7 21 8 26 
56. Fitness: 5773056 Chromosome: 15 40 19 16 0 42 8 13 45 7 48 33 47 3 34 5 28 12 51 1 56 20 10 35 39 21 26 14 6 52 49 50 17 4 53 41 30 32 9 43 11 31 23 2 36 54 22 27 25 55 18 24 29 37 38 46 44 
57. Fitness: 5799457 Chromosome: 6 21 41 10 9 55 32 39 16 50 31 15 0 34 56 20 40 25 44 45 5 47 43 8 27 7 23 38 14 12 4 46 49 52 37 35 17 13 33 24 42 19 26 11 36 3 53 54 30 48 1 18 51 22 29 2 28 
58. Fitness: 5810558 Chromosome: 3 1 39 24 11 17 8 53 35 22 12 16 21 34 56 7 28 5 50 37 23 46 55 0 41 10 31 4 6 14 54 52 47 44 19 33 9 20 29 48 42 49 40 15 26 32 51 13 38 18 43 45 36 27 30 2 25 
59. Fitness: 5815259 Chromosome: 25 30 26 50 28 47 24 5 42 27 44 15 41 3 37 40 45 51 2 36 52 43 9 31 0 7 14 38 33 35 4 46 49 11 54 12 17 23 13 48 53 21 19 16 22 56 1 20 29 32 10 55 8 39 34 6 18 
60. Fitness: 5833060 Chromosome: 43 10 51 7 13 50 11 46 27 44 39 15 18 30 49 34 37 19 0 38 3 36 55 35 41 23 31 4 6 14 2 52 47 28 56 33 29 5 26 8 20 21 12 32 40 22 48 54 16 1 42 17 45 9 24 25 53 
61. Fitness: 5841761 Chromosome: 45 10 12 47 28 37 20 46 5 13 21 36 44 56 16 34 7 24 1 40 8 51 32 39 38 54 26 14 6 52 11 50 17 4 53 41 30 22 0 43 49 31 15 2 55 18 27 19 23 35 42 48 3 9 29 25 33 
62. Fitness: 5852662 Chromosome: 3 13 36 11 32 27 34 19 52 54 16 40 6 5 26 43 56 49 17 7 2 37 41 0 48 23 15 14 25 53 47 50 51 20 1 22 29 38 35 9 42 21 24 46 8 18 39 45 31 44 28 10 55 33 30 12 4 
63. Fitness: 5865263 Chromosome: 12 25 33 42 10 35 5 13 43 28 21 36 44 53 16 34 50 24 17 40 8 51 30 39 41 49 47 56 19 4 54 7 1 22 0 38 32 26 14 45 11 31 15 2 55 18 27 6 46 37 48 9 29 23 3 20 52 
64. Fitness: 5872964 Chromosome: 6 41 54 10 9 22 32 39 53 28 55 15 27 34 38 45 8 25 2 36 52 43 14 31 0 20 35 56 19 23 4 46 49 11 21 12 17 47 13 48 42 3 50 16 26 5 51 30 24 33 40 44 1 37 29 18 7 
65. Fitness: 5889365 Chromosome: 27 10 25 26 8 53 17 11 2 24 39 33 5 45 49 48 37 19 18 36 14 43 55 31 0 22 3 56 6 30 41 32 4 44 46 28 12 34 52 20 40 35 23 42 9 51 21 38 54 1 13 29 15 50 16 7 47 
66. Fitness: 5900066 Chromosome: 19 23 20 55 38 21 40 30 54 5 50 49 52 39 22 13 2 4 0 17 36 47 43 8 27 9 35 3 44 15 11 32 6 10 46 28 14 34 33 18 42 45 51 53 48 29 56 1 26 12 41 16 25 7 31 37 24 
67. Fitness: 5902367 Chromosome: 17 16 4 55 30 8 40 46 48 34 50 49 37 39 22 13 2 21 45 15 52 26 18 44 25 35 27 23 43 5 36 28 53 10 38 47 1 14 32 20 3 0 51 6 33 29 56 19 12 54 41 42 9 7 31 11 24 
68. Fitness: 5908968 Chromosome: 13 46 51 55 23 20 0 42 8 10 12 16 6 34 56 7 44 25 50 3 5 47 22 21 14 45 54 38 26 40 31 32 49 24 39 28 2 37 33 48 35 19 30 1 43 9 53 17 27 41 18 52 36 11 4 15 29 
69. Fitness: 5912269 Chromosome: 27 12 45 30 42 18 21 9 48 44 16 40 6 5 24 37 56 49 4 7 52 36 31 26 54 2 51 28 33 3 43 19 34 1 35 23 22 50 47 8 10 0 20 53 46 32 29 11 41 39 13 38 17 25 55 14 15 
70. Fitness: 5924870 Chromosome: 6 41 21 10 9 22 32 39 55 28 53 15 8 34 56 45 31 5 48 29 25 54 20 0 1 7 23 38 33 35 4 46 49 11 47 12 17 14 13 50 42 36 2 16 26 52 51 30 24 19 40 44 27 37 3 18 43 
71. Fitness: 5928371 Chromosome: 10 13 41 9 2 21 46 52 1 40 32 27 5 51 49 48 37 6 18 36 14 43 55 31 47 20 3 11 19 4 54 7 45 22 53 12 29 33 26 8 23 0 34 25 35 16 44 17 42 56 30 39 24 28 15 50 38 
72. Fitness: 5934372 Chromosome: 25 11 17 10 45 2 46 43 27 44 35 15 18 55 23 34 37 6 14 40 8 29 30 39 41 49 47 56 19 4 54 7 1 22 0 38 32 48 26 3 20 21 12 51 33 28 5 13 52 36 42 53 31 9 50 24 16 
73. Fitness: 5947973 Chromosome: 4 2 55 16 46 13 23 36 1 51 0 15 43 34 56 38 40 25 31 3 5 47 44 35 39 7 26 14 6 9 50 48 17 22 21 28 52 37 33 32 42 19 53 11 41 20 29 45 54 24 30 27 8 12 10 49 18 
74. Fitness: 5948974 Chromosome: 15 49 17 33 4 20 12 9 48 44 45 16 39 40 18 52 34 1 14 50 25 43 55 0 28 51 35 30 6 31 3 5 19 11 22 41 36 32 37 42 13 8 23 2 21 54 53 27 56 7 47 24 29 26 38 46 10 
75. Fitness: 5951675 Chromosome: 53 24 41 28 3 0 6 5 31 51 19 55 52 39 22 13 2 18 45 17 36 47 43 8 27 9 35 42 44 1 37 12 40 4 46 54 14 20 34 23 15 21 56 16 49 33 48 7 29 32 10 11 50 25 38 30 26 
76. Fitness: 5953376 Chromosome: 19 16 36 11 30 8 40 46 48 34 50 49 37 39 22 13 2 43 45 15 52 26 18 44 25 35 27 6 12 5 42 32 53 51 28 20 1 14 33 55 31 24 7 38 47 23 29 17 0 10 21 9 54 41 4 56 3 
77. Fitness: 5968877 Chromosome: 10 39 41 9 2 21 46 52 1 40 24 27 5 51 49 48 37 6 18 36 14 43 55 31 47 20 3 56 19 4 54 7 45 22 53 12 30 33 26 8 23 0 34 25 35 16 44 13 29 11 42 17 32 28 15 50 38 
78. Fitness: 5993178 Chromosome: 44 29 40 18 38 19 25 13 45 21 48 33 36 3 34 5 28 12 51 1 16 20 10 35 39 11 26 14 6 52 49 50 17 4 37 41 30 32 0 42 9 8 23 2 46 54 53 27 56 7 47 43 22 55 31 24 15 
79. Fitness: 5993979 Chromosome: 15 27 45 43 42 18 23 3 48 1 16 34 6 5 24 37 56 49 4 7 52 36 31 26 54 10 35 21 25 9 30 32 40 44 46 28 22 50 47 8 2 0 20 53 51 19 29 17 38 14 12 13 41 11 39 33 55 
80. Fitness: 6011680 Chromosome: 16 45 34 4 13 48 12 29 14 49 38 30 31 50 39 24 10 26 33 47 46 44 55 0 51 56 35 53 40 7 3 5 19 11 22 41 36 32 37 42 9 8 23 2 21 1 54 6 15 18 17 27 52 28 43 20 25 
81. Fitness: 6026481 Chromosome: 32 39 7 45 5 48 4 33 27 16 15 17 56 3 47 24 44 49 18 37 8 46 55 0 13 50 35 42 1 29 2 28 53 10 38 34 21 14 12 20 40 11 23 31 36 9 54 19 51 22 41 43 26 25 52 6 30 
82. Fitness: 6088882 Chromosome: 15 27 45 28 0 18 46 10 48 44 16 40 33 34 24 47 56 49 4 7 52 29 43 26 50 51 35 30 6 31 3 5 19 11 22 41 36 32 37 42 9 8 23 2 21 54 53 17 38 14 12 13 20 1 39 25 55 
83. Fitness: 6090183 Chromosome: 44 24 51 6 43 21 2 55 25 27 34 4 11 36 52 23 30 33 0 16 45 35 18 31 37 39 15 17 46 49 50 28 53 10 38 47 1 14 12 20 40 3 54 5 7 29 56 19 41 32 26 9 8 48 22 42 13 
84. Fitness: 6091384 Chromosome: 6 16 4 55 30 38 3 47 14 34 12 49 37 39 22 13 2 43 45 15 52 26 18 44 25 35 5 23 21 32 51 28 53 10 8 46 27 48 1 42 40 19 36 17 33 29 56 0 50 54 41 20 9 7 31 11 24 
85. Fitness: 6110285 Chromosome: 22 30 8 39 52 50 11 4 48 37 46 17 24 40 26 15 13 16 45 18 2 43 55 44 25 35 27 23 21 32 36 28 53 10 38 47 1 14 5 20 42 0 51 6 33 29 56 19 12 54 41 3 9 7 31 49 34 
86. Fitness: 6119286 Chromosome: 1 20 45 11 4 18 21 49 48 37 44 3 15 27 32 5 28 9 17 2 24 43 31 26 54 7 51 56 33 40 36 19 6 10 55 13 39 14 34 42 46 0 35 53 50 29 38 12 8 22 41 23 25 30 47 52 16 
87. Fitness: 6119587 Chromosome: 12 8 19 37 44 22 49 42 52 10 38 16 46 34 56 7 28 5 48 29 25 54 20 0 2 23 4 32 6 31 53 3 14 40 35 41 30 33 17 47 11 24 15 1 55 18 51 13 26 50 43 45 36 27 9 39 21 
88. Fitness: 6122488 Chromosome: 55 32 18 45 7 21 40 30 54 5 50 49 52 39 22 13 2 4 0 14 36 47 43 8 27 9 35 3 44 1 37 12 6 10 46 28 17 34 33 31 42 53 24 29 48 15 51 41 19 56 38 25 16 11 26 23 20 
89. Fitness: 6148789 Chromosome: 52 16 24 10 9 22 32 39 53 28 55 15 0 34 56 2 31 25 50 3 5 47 43 8 54 7 51 21 33 40 36 19 6 30 44 13 49 14 27 4 46 45 35 48 17 29 38 12 26 18 41 23 42 1 20 11 37 
90. Fitness: 6187790 Chromosome: 48 56 54 39 14 52 51 25 34 31 49 15 4 30 32 21 53 10 50 17 36 47 43 8 19 9 35 3 44 1 37 12 6 22 46 28 2 11 20 13 29 45 23 41 24 18 42 26 5 40 33 16 38 0 27 55 7 
91. Fitness: 6197791 Chromosome: 31 16 36 18 38 19 8 13 45 7 48 33 47 3 34 5 28 12 41 1 56 20 10 35 39 44 26 30 43 24 42 32 53 46 2 27 15 14 49 55 40 11 50 6 37 23 29 17 0 22 21 9 54 51 4 52 25 
92. Fitness: 6222892 Chromosome: 55 11 17 10 45 54 46 38 27 44 39 15 18 30 49 34 28 5 50 36 47 43 25 0 1 51 4 32 6 14 2 52 3 37 56 33 29 48 26 8 20 21 12 31 40 22 19 13 7 23 41 53 42 9 35 24 16 
93. Fitness: 6229993 Chromosome: 37 40 1 56 6 49 7 45 18 20 48 14 47 10 19 5 32 42 21 36 46 27 55 31 9 43 3 51 50 54 17 28 38 22 53 12 30 33 26 8 23 0 34 25 35 16 44 13 29 11 15 39 24 41 4 52 2 
94. Fitness: 6243194 Chromosome: 7 29 36 11 6 3 31 45 18 44 48 33 47 8 50 24 28 12 51 52 56 20 10 35 39 21 26 14 38 1 49 34 17 4 53 41 30 32 0 43 13 25 5 15 9 22 37 19 16 46 40 42 54 55 27 23 2 
95. Fitness: 6304795 Chromosome: 25 30 54 39 46 37 23 34 47 10 45 16 5 27 50 0 38 26 33 52 48 43 55 24 51 56 35 53 40 7 3 49 19 11 22 41 36 32 20 42 9 8 12 2 21 13 29 28 15 1 18 14 31 6 4 44 17 
96. Fitness: 6344596 Chromosome: 21 28 36 19 24 30 4 20 15 32 16 40 6 10 29 37 9 14 33 47 25 43 55 44 41 38 35 56 2 12 50 46 49 11 3 27 54 48 34 26 8 17 23 0 22 42 18 7 5 1 45 52 39 31 51 53 13 
97. Fitness: 6355397 Chromosome: 6 16 45 30 42 18 21 49 48 37 44 3 15 27 34 5 28 9 17 2 24 36 31 38 54 7 20 52 46 40 43 4 14 1 35 23 22 50 47 8 10 26 51 53 33 29 56 19 0 32 41 13 12 11 39 25 55 
98. Fitness: 6357298 Chromosome: 24 27 10 48 46 33 6 34 47 55 49 52 13 20 50 5 12 30 17 31 14 43 25 0 51 56 35 53 40 7 3 39 19 11 22 41 36 32 37 42 9 8 23 2 21 54 29 28 15 1 18 16 45 26 38 4 44 
99. Fitness: 6440699 Chromosome: 24 45 15 55 51 13 2 39 46 37 43 11 50 0 34 4 17 42 49 16 53 33 18 44 25 35 27 23 21 22 36 28 52 10 38 47 1 14 12 20 40 3 54 5 7 29 56 19 41 32 26 9 8 48 30 6 31 
