Recombination Probability: 80
Mutation Probability: 60
Population Size: 100
Maximum Number Of Generations: 10000
Crossover Operator: PMX Crossover
Mutation Operator: Insert Mutation
0. Fitness: 486010 Chromosome: 7 47 34 49 16 52 0 15 55 32 43 6 11 9 56 2 50 4 31 18 41 38 37 23 1 33 12 29 28 39 46 40 19 48 51 42 27 36 53 17 44 24 26 10 8 5 20 13 3 30 45 25 21 35 14 54 22 
1. Fitness: 489321 Chromosome: 7 47 34 49 22 16 52 0 15 55 32 43 6 11 9 56 2 50 4 31 18 41 38 37 23 1 33 12 29 28 39 46 40 19 48 51 42 27 36 53 17 44 24 26 10 8 5 20 13 3 30 45 25 21 35 14 54 
2. Fitness: 493502 Chromosome: 6 34 9 16 20 22 24 31 26 4 47 11 8 1 7 37 32 29 17 30 42 39 46 55 0 23 51 53 25 19 45 12 40 56 15 41 10 44 27 36 2 43 52 35 21 18 3 48 14 49 13 5 38 33 50 28 54 
3. Fitness: 497073 Chromosome: 7 18 9 16 25 8 48 43 12 17 31 44 4 32 30 13 28 42 52 41 38 26 23 11 47 40 1 3 20 29 50 39 46 19 54 6 15 36 56 37 14 2 49 0 21 22 33 24 27 34 55 35 51 53 45 5 10 
4. Fitness: 500654 Chromosome: 33 5 38 14 47 6 48 13 9 20 28 11 8 1 7 37 32 29 17 30 42 39 46 55 0 23 51 53 25 19 45 12 40 56 15 41 10 44 27 36 2 43 52 35 21 18 31 16 22 24 54 34 3 26 49 4 50 
5. Fitness: 506165 Chromosome: 7 18 9 16 25 8 48 43 12 17 31 44 4 32 30 13 28 42 52 22 41 38 26 23 11 47 1 3 20 29 50 39 46 19 40 54 6 15 36 56 37 14 2 49 0 21 33 24 27 34 55 35 51 53 45 5 10 
6. Fitness: 507576 Chromosome: 18 16 1 35 14 45 48 52 53 31 17 6 22 24 44 25 36 21 30 13 28 42 33 34 38 26 23 4 20 11 39 46 19 0 15 27 47 8 51 37 9 2 49 40 32 12 7 50 56 41 29 10 43 54 3 55 5 
7. Fitness: 508347 Chromosome: 52 5 10 21 47 30 7 42 55 32 43 6 27 9 56 53 50 4 31 18 41 38 37 23 1 33 12 29 28 39 46 40 19 48 51 15 36 11 2 45 20 44 0 16 54 25 24 17 13 3 14 22 34 26 49 35 8 
8. Fitness: 509618 Chromosome: 28 14 12 50 45 1 17 8 48 47 15 41 7 21 32 55 4 18 33 9 30 42 39 46 11 0 23 51 53 20 38 29 13 19 40 16 27 56 36 2 43 6 26 10 49 34 35 44 54 5 22 52 37 24 31 25 3 
9. Fitness: 510359 Chromosome: 18 8 21 14 45 48 53 46 7 17 9 50 12 33 49 25 32 30 15 28 42 51 41 38 26 23 4 1 20 39 11 29 13 19 40 16 27 56 36 2 43 6 0 10 34 35 44 54 5 22 52 24 31 37 3 55 47 
10. Fitness: 5119710 Chromosome: 16 43 35 3 14 49 34 24 0 12 17 31 44 22 32 30 13 28 42 52 41 38 26 23 11 47 1 33 20 29 50 39 46 19 40 54 15 51 27 36 2 8 18 5 10 37 48 4 6 25 7 55 9 53 21 45 56 
11. Fitness: 5124411 Chromosome: 33 6 42 27 10 32 56 20 38 26 7 48 14 25 3 30 13 39 28 49 1 11 46 55 0 23 51 53 41 29 19 45 12 40 4 9 17 8 15 2 43 44 52 35 21 18 31 16 22 24 54 34 47 37 36 50 5 
12. Fitness: 5143912 Chromosome: 21 18 35 5 40 45 20 19 52 4 30 47 42 8 29 7 37 32 49 1 11 39 46 55 0 23 51 53 41 24 44 15 12 33 26 27 28 36 6 22 56 50 13 3 10 16 54 34 31 25 14 48 17 9 43 2 38 
13. Fitness: 5150213 Chromosome: 21 18 7 5 40 45 39 19 52 50 12 34 11 25 4 35 30 0 53 28 42 46 20 41 38 26 23 1 29 24 44 15 37 33 51 27 49 36 6 22 56 55 13 3 10 16 54 47 31 8 14 48 17 9 43 2 32 
14. Fitness: 5153814 Chromosome: 5 33 3 48 14 15 9 13 26 4 47 11 8 44 7 37 32 29 17 30 42 39 46 55 0 23 51 53 41 19 45 12 40 56 50 6 27 1 2 43 28 36 52 35 21 18 31 16 22 24 54 34 38 10 25 49 20 
15. Fitness: 5166115 Chromosome: 5 33 3 48 14 45 39 19 52 50 12 34 11 25 4 35 30 0 53 28 42 46 20 41 32 23 51 49 55 8 13 29 37 40 56 15 10 27 36 2 43 44 26 7 21 18 31 16 22 24 54 47 38 1 6 17 9 
16. Fitness: 5231316 Chromosome: 29 35 15 5 4 6 16 44 17 26 37 47 30 8 52 7 31 32 50 42 46 41 38 23 1 20 51 53 39 25 19 45 12 48 40 56 54 10 27 36 2 43 18 33 22 11 0 21 24 55 13 3 14 34 49 28 9 
17. Fitness: 5254817 Chromosome: 6 18 28 7 36 16 2 9 11 21 12 13 29 15 14 32 33 5 17 47 39 46 41 55 0 23 51 52 54 24 25 45 27 49 43 37 50 22 40 19 56 35 44 30 38 3 31 42 20 8 26 48 10 4 53 1 34 
18. Fitness: 5280918 Chromosome: 55 35 56 45 47 17 5 52 42 10 7 12 19 13 25 32 30 0 16 4 31 41 38 26 1 20 23 11 29 39 46 40 54 44 51 27 36 2 14 18 43 15 28 24 48 49 37 33 8 34 3 21 6 22 53 50 9 
19. Fitness: 5282119 Chromosome: 5 33 3 48 14 50 9 31 26 4 30 47 42 8 29 7 37 32 13 49 1 15 11 39 46 55 0 23 51 53 41 25 19 45 12 40 56 10 27 36 2 43 44 52 35 21 18 16 22 24 54 34 38 28 6 17 20 
20. Fitness: 5299920 Chromosome: 18 16 5 52 48 45 55 29 7 17 6 50 12 44 25 32 30 13 28 42 31 41 38 26 23 4 1 20 11 39 46 19 40 15 56 8 47 51 36 37 9 2 49 0 21 22 33 24 27 34 53 10 43 54 3 14 35 
21. Fitness: 5323221 Chromosome: 53 42 28 14 31 41 20 11 23 5 22 12 7 32 55 34 29 0 13 10 35 21 49 48 2 33 24 43 9 25 50 39 46 19 40 54 15 51 27 36 18 56 44 30 3 6 47 17 8 37 52 38 45 4 16 26 1 
22. Fitness: 5342022 Chromosome: 24 21 5 48 37 55 17 9 16 10 7 39 34 25 32 30 13 36 4 42 31 29 38 26 23 18 20 53 27 41 19 45 12 40 56 50 6 1 2 43 28 44 33 0 49 15 8 47 14 51 54 22 3 52 35 11 46 
23. Fitness: 5353523 Chromosome: 30 0 44 17 15 27 55 32 25 43 8 35 3 39 13 4 38 49 46 28 42 41 51 50 5 26 1 20 23 54 19 45 24 14 2 11 47 33 52 37 7 53 21 10 40 36 12 31 22 56 48 34 6 16 9 29 18 
24. Fitness: 5355124 Chromosome: 7 52 9 25 55 47 37 16 24 17 41 35 45 53 27 12 5 0 3 30 32 44 26 23 51 1 33 20 11 29 50 39 46 19 40 54 15 34 36 2 28 14 31 43 49 4 56 42 13 38 21 8 22 18 48 10 6 
25. Fitness: 5363325 Chromosome: 5 33 3 13 14 50 9 48 20 17 30 47 42 8 29 7 37 32 49 1 11 39 46 55 0 23 51 53 41 25 19 45 54 12 40 56 15 10 27 36 2 43 44 52 35 21 18 31 16 22 24 34 38 28 6 4 26 
26. Fitness: 5373526 Chromosome: 39 38 0 29 10 43 51 9 16 25 52 48 31 37 8 22 44 15 28 34 45 30 23 1 12 20 50 36 27 14 13 46 35 47 19 33 42 4 21 5 55 26 40 32 17 56 6 49 41 24 3 18 53 2 11 54 7 
27. Fitness: 5382227 Chromosome: 41 22 3 21 14 50 10 13 26 4 47 15 34 25 7 37 53 30 49 19 11 39 46 55 0 23 9 32 8 29 1 45 12 40 54 44 51 27 36 2 18 43 28 24 48 42 16 38 33 56 35 5 52 31 17 6 20 
28. Fitness: 5399828 Chromosome: 52 5 16 50 13 30 17 8 48 47 18 29 7 21 32 42 20 26 28 38 49 1 11 39 46 23 51 53 41 19 45 12 40 56 34 6 27 0 2 43 55 9 44 33 25 54 37 24 15 31 3 14 36 22 10 4 35 
29. Fitness: 5415629 Chromosome: 5 33 3 39 27 43 21 2 20 38 26 7 48 34 25 31 30 13 28 49 1 11 46 55 0 23 51 53 41 8 19 45 12 40 56 15 10 47 36 9 14 44 52 35 50 18 29 16 22 24 54 42 4 32 6 17 37 
30. Fitness: 5430730 Chromosome: 52 5 19 34 10 53 25 36 13 48 47 18 41 7 21 32 55 51 46 28 1 15 39 38 26 23 4 42 20 11 29 12 40 56 50 6 27 30 2 43 9 44 33 16 54 37 24 45 31 3 14 17 22 0 49 35 8 
31. Fitness: 5461431 Chromosome: 46 52 55 54 14 31 45 21 36 35 0 7 12 34 25 32 8 13 48 43 10 41 38 26 5 23 1 9 39 4 33 42 20 27 16 37 51 22 40 19 56 2 44 30 3 6 47 17 49 18 15 53 28 24 50 11 29 
32. Fitness: 5469132 Chromosome: 54 24 39 51 0 38 11 2 3 25 52 48 31 37 56 8 22 44 15 28 34 45 30 23 1 12 20 50 36 27 14 13 46 35 47 19 33 42 4 5 55 21 26 40 32 17 6 49 41 7 43 53 9 10 18 16 29 
33. Fitness: 5494233 Chromosome: 10 24 35 14 45 48 52 29 7 17 6 50 12 44 25 32 30 54 13 28 37 42 31 41 38 26 23 4 1 20 11 39 46 19 40 15 56 47 8 51 36 9 2 49 0 21 22 33 55 34 43 53 18 27 3 16 5 
34. Fitness: 5498034 Chromosome: 35 6 42 27 43 21 2 20 38 26 34 48 7 32 31 30 13 28 49 1 11 39 46 55 0 23 51 53 41 29 19 45 12 40 22 9 17 44 15 47 52 10 8 56 33 16 54 24 18 4 3 14 37 25 36 50 5 
35. Fitness: 5498235 Chromosome: 21 18 8 45 14 48 53 46 7 17 9 50 12 33 49 25 32 30 15 28 42 51 41 38 26 23 4 1 20 39 11 29 13 19 40 16 27 56 36 2 43 6 0 10 34 35 44 54 5 22 52 24 31 37 3 47 55 
36. Fitness: 5498336 Chromosome: 5 52 3 47 14 50 9 49 11 17 48 16 1 41 29 7 37 32 13 30 42 39 46 55 0 23 35 51 53 25 19 45 12 40 56 15 10 27 36 2 8 43 20 44 33 21 18 31 22 24 54 34 38 28 6 4 26 
37. Fitness: 5506037 Chromosome: 35 0 50 28 37 13 36 2 49 27 48 7 30 34 25 32 51 55 21 42 31 41 38 26 23 1 20 11 39 29 19 45 12 40 22 9 17 44 15 52 10 8 56 33 16 54 24 18 4 3 14 47 53 5 43 6 46 
38. Fitness: 5512438 Chromosome: 9 54 45 28 35 11 34 30 20 56 17 48 43 22 32 53 55 1 42 49 31 41 38 26 5 23 12 29 3 39 40 50 8 51 24 4 47 36 19 2 27 33 10 44 52 6 25 14 46 7 21 37 15 18 16 0 13 
39. Fitness: 5520039 Chromosome: 9 42 35 14 45 21 52 15 8 17 6 50 7 12 19 13 25 32 30 0 16 31 41 38 26 23 4 1 20 11 29 39 46 40 54 44 51 27 36 2 18 43 28 24 48 49 34 22 47 33 53 10 37 56 3 55 5 
40. Fitness: 5541840 Chromosome: 9 52 54 2 10 41 25 6 0 43 7 31 37 8 32 30 15 28 20 34 45 44 18 23 1 12 11 50 36 27 14 13 46 35 47 19 33 42 4 5 55 21 26 40 22 17 56 48 16 49 53 39 24 51 29 38 3 
41. Fitness: 5551241 Chromosome: 35 6 42 10 27 43 21 2 20 38 26 7 48 34 25 31 30 13 28 49 1 11 39 46 55 0 23 51 53 41 29 19 45 12 40 22 9 17 44 15 52 8 56 33 16 54 24 18 4 3 14 47 37 32 36 50 5 
42. Fitness: 5556442 Chromosome: 39 6 55 9 23 0 21 46 20 38 4 7 48 47 34 36 11 30 13 32 53 42 31 41 37 15 29 51 52 54 8 25 24 14 43 27 12 22 40 56 35 1 3 19 10 44 26 17 18 16 33 49 45 5 28 50 2 
43. Fitness: 5567743 Chromosome: 18 8 21 26 45 48 53 46 50 17 9 7 12 19 13 25 32 30 0 16 31 41 38 56 23 4 1 14 11 29 39 37 40 54 44 51 27 28 36 2 43 6 15 10 34 35 49 33 5 22 52 24 42 20 3 55 47 
44. Fitness: 5568844 Chromosome: 18 16 35 14 45 48 52 29 7 17 6 50 12 44 25 32 30 13 0 42 31 41 38 26 23 4 49 20 11 39 46 19 40 15 56 8 47 51 36 21 9 2 1 28 37 22 33 24 27 34 53 10 43 54 3 55 5 
45. Fitness: 5569445 Chromosome: 23 2 30 37 9 25 0 43 16 31 10 41 39 53 20 28 18 7 24 22 12 51 34 29 1 11 50 36 27 14 13 46 35 47 19 33 26 42 4 5 55 21 40 32 17 56 48 6 49 45 15 3 38 54 8 44 52 
46. Fitness: 5595446 Chromosome: 6 18 5 33 37 55 17 9 16 10 7 12 34 25 32 30 13 28 4 42 31 41 29 11 49 52 23 45 54 24 14 43 27 0 51 36 50 22 40 19 56 35 44 15 38 3 21 47 20 8 26 48 2 53 46 1 39 
47. Fitness: 5598947 Chromosome: 6 55 18 21 29 7 47 3 27 11 28 38 4 34 14 5 30 13 52 56 42 31 41 12 54 22 51 32 15 24 25 45 43 33 2 16 0 40 19 48 35 17 10 53 37 26 39 46 9 44 1 8 49 23 20 50 36 
48. Fitness: 5619848 Chromosome: 9 22 0 49 5 4 47 37 16 31 17 41 19 39 53 50 28 15 38 30 32 51 48 42 23 1 20 46 8 34 25 6 45 12 40 54 10 27 36 2 3 43 33 24 56 11 7 21 18 13 14 44 26 52 29 35 55 
49. Fitness: 5624549 Chromosome: 4 13 27 25 3 23 6 26 8 48 17 18 53 7 32 55 0 28 16 42 33 52 45 38 50 1 56 41 20 11 29 15 39 46 19 47 44 51 36 37 9 2 49 30 21 22 31 24 40 34 12 10 43 54 35 5 14 
50. Fitness: 5629250 Chromosome: 9 1 26 44 43 46 39 27 15 36 2 6 11 22 49 14 33 42 4 52 24 38 31 28 55 0 23 51 53 41 25 19 45 12 40 50 29 37 32 56 34 35 13 30 3 10 5 47 20 8 21 7 48 16 54 17 18 
51. Fitness: 5637251 Chromosome: 41 16 35 14 10 48 52 53 7 17 6 50 24 22 25 36 21 30 13 28 42 33 34 38 26 23 4 1 0 20 12 39 46 31 43 15 27 47 8 51 37 9 2 49 40 32 11 19 44 18 56 3 45 54 29 55 5 
52. Fitness: 5638152 Chromosome: 39 6 55 9 23 21 46 20 38 0 7 48 47 13 34 36 11 30 32 56 42 31 41 12 15 22 51 52 54 8 25 45 43 3 2 4 37 29 44 53 19 1 14 35 10 40 26 17 18 16 33 49 24 5 28 50 27 
53. Fitness: 5643853 Chromosome: 35 21 3 48 14 45 9 44 12 4 0 55 22 32 30 13 28 42 52 41 38 26 23 11 47 1 19 33 20 29 50 39 46 40 54 6 15 36 56 37 27 5 34 43 53 18 31 16 8 24 10 17 51 2 7 49 25 
54. Fitness: 5645154 Chromosome: 16 6 44 0 27 43 8 2 20 38 54 7 48 34 25 31 30 45 28 49 1 11 39 12 10 23 51 53 41 29 9 13 46 35 47 19 33 42 4 5 55 21 26 40 22 17 56 24 18 15 3 14 32 37 36 50 52 
55. Fitness: 5649755 Chromosome: 49 52 9 14 55 24 16 44 17 0 37 47 30 8 34 7 31 32 50 42 46 41 38 23 1 20 51 53 39 25 19 45 12 40 54 6 10 27 22 43 56 35 48 26 3 15 5 33 11 13 2 21 4 36 18 28 29 
56. Fitness: 5653856 Chromosome: 9 6 8 44 50 45 55 17 48 47 49 51 7 12 19 13 25 32 30 0 22 37 41 34 26 23 4 1 20 11 36 39 46 40 56 15 2 10 27 29 43 42 52 35 21 18 38 16 33 54 24 5 28 31 53 3 14 
57. Fitness: 5657257 Chromosome: 49 52 33 9 25 55 47 37 16 31 17 41 19 42 48 50 30 51 46 28 1 15 53 39 38 26 23 4 20 32 54 45 24 14 43 27 0 12 22 40 56 35 44 3 10 5 34 11 13 6 2 21 8 36 18 7 29 
58. Fitness: 5677758 Chromosome: 9 49 34 40 45 30 17 51 48 47 21 41 19 8 25 32 52 44 35 1 26 53 11 22 5 33 12 29 38 37 39 24 14 43 27 0 50 36 2 20 16 18 10 7 28 15 4 6 3 56 13 42 46 31 55 23 54 
59. Fitness: 5695859 Chromosome: 46 52 55 54 31 45 21 22 24 0 7 50 34 19 32 14 49 48 43 51 41 38 26 5 23 1 9 39 4 30 42 17 27 16 37 15 36 11 2 18 44 53 33 10 8 29 20 13 3 56 6 25 28 35 12 40 47 
60. Fitness: 5705860 Chromosome: 12 4 54 50 17 25 8 38 0 48 47 21 41 7 32 55 51 29 35 1 5 53 11 22 26 23 34 52 13 39 46 43 19 40 44 15 27 36 2 20 16 18 10 28 37 14 30 24 56 33 42 9 3 49 45 31 6 
61. Fitness: 5724961 Chromosome: 29 45 3 2 52 55 31 16 32 8 49 47 24 44 13 25 36 21 30 28 42 33 34 38 26 23 4 1 20 11 39 46 14 43 27 0 37 22 40 19 56 35 17 10 53 12 7 50 41 9 51 5 48 18 54 15 6 
62. Fitness: 5725762 Chromosome: 53 5 45 21 7 37 16 55 17 33 10 12 34 25 32 30 49 13 28 4 42 31 41 38 26 23 1 20 11 29 39 46 43 40 51 24 15 36 18 2 19 27 0 48 44 6 8 47 14 56 54 22 3 52 9 35 50 
63. Fitness: 5752263 Chromosome: 46 11 5 16 53 49 44 31 17 52 48 29 34 41 35 30 13 50 42 23 21 47 2 15 54 22 43 9 32 8 36 33 27 7 12 0 18 20 40 19 24 51 1 28 37 14 4 6 3 56 38 26 25 10 55 39 45 
64. Fitness: 5757164 Chromosome: 14 52 54 2 43 10 36 25 6 0 7 31 37 8 32 30 15 28 34 13 42 18 23 1 46 20 51 53 41 29 19 45 12 40 22 9 17 44 4 5 55 21 26 35 47 33 56 48 16 49 50 39 24 11 27 38 3 
65. Fitness: 5766965 Chromosome: 9 6 5 15 50 45 55 17 21 52 42 10 7 12 19 18 13 25 32 30 0 16 31 41 38 26 23 4 1 20 11 29 39 46 40 54 44 51 27 36 2 43 28 24 48 49 34 22 47 14 56 8 33 37 53 3 35 
66. Fitness: 5774766 Chromosome: 16 35 3 14 26 34 46 42 44 17 39 12 7 32 55 51 29 0 13 10 21 49 45 54 2 33 24 43 9 25 4 36 1 19 40 23 15 52 27 31 11 8 47 18 5 41 37 48 50 6 28 22 30 20 53 38 56 
67. Fitness: 5792467 Chromosome: 21 34 7 16 6 0 22 49 9 17 41 44 39 53 50 28 56 3 30 32 14 48 42 5 26 1 20 4 23 54 46 43 40 51 24 15 36 18 2 35 19 27 45 38 10 55 29 47 25 8 52 31 11 12 37 13 33 
68. Fitness: 5792968 Chromosome: 8 5 28 14 6 33 55 17 21 52 42 10 7 12 19 13 25 32 30 0 16 31 41 38 26 23 4 1 20 11 29 39 46 40 54 44 51 27 47 24 45 36 22 34 15 48 56 18 50 2 9 3 43 37 49 35 53 
69. Fitness: 5793369 Chromosome: 38 21 29 33 6 36 2 49 9 17 41 19 39 53 50 28 15 3 30 32 51 48 8 42 5 26 1 20 4 23 54 45 24 44 14 43 13 55 18 10 12 27 0 7 40 16 37 47 31 56 34 22 11 52 35 25 46 
70. Fitness: 5798070 Chromosome: 46 52 55 41 31 16 21 53 17 15 7 9 38 37 8 36 44 28 42 13 30 19 1 32 20 26 50 4 23 54 45 24 14 43 27 0 34 22 29 40 49 11 51 33 10 5 2 39 3 56 6 25 48 35 12 18 47 
71. Fitness: 5802371 Chromosome: 40 37 28 17 11 2 45 35 0 42 18 32 46 56 1 23 29 3 31 41 38 4 26 12 15 22 51 52 54 24 25 7 34 43 20 27 50 48 44 55 5 10 36 49 33 13 6 47 14 9 8 21 53 30 16 39 19 
72. Fitness: 5803872 Chromosome: 9 14 16 50 2 13 30 17 8 48 47 18 29 7 21 32 42 20 26 28 38 49 1 11 39 46 55 0 23 41 19 45 53 51 12 40 27 56 36 43 6 4 10 15 34 35 44 54 5 22 52 24 31 37 25 33 3 
73. Fitness: 5806573 Chromosome: 46 35 55 54 31 45 8 22 10 0 7 50 34 19 32 6 53 25 44 51 41 38 20 5 23 1 9 39 4 30 42 17 27 16 37 15 12 36 2 3 43 49 33 24 56 11 28 21 18 13 14 48 26 52 29 40 47 
74. Fitness: 5811374 Chromosome: 16 54 22 15 32 17 8 28 51 52 34 37 7 41 2 39 25 30 18 24 31 23 1 12 20 11 50 36 27 14 13 46 35 47 19 33 42 4 5 55 21 0 48 3 6 44 29 49 56 53 40 9 38 45 10 43 26 
75. Fitness: 5839275 Chromosome: 50 21 5 33 37 55 17 9 26 10 7 12 38 25 32 30 13 28 4 42 31 41 34 16 49 52 23 45 54 39 46 43 40 51 24 15 36 18 2 19 27 0 48 44 20 6 8 47 14 56 29 22 3 1 35 53 11 
76. Fitness: 5850176 Chromosome: 14 34 32 48 10 15 21 54 36 20 13 9 3 43 22 28 1 7 29 8 30 2 39 56 55 0 23 51 16 25 27 44 24 18 46 11 47 19 33 42 37 50 5 52 53 4 17 12 40 49 38 35 41 26 45 6 31 
77. Fitness: 5852277 Chromosome: 26 28 35 47 0 21 4 30 20 17 48 16 42 8 51 29 7 37 32 13 49 1 11 39 46 55 23 53 25 19 45 12 40 56 15 10 27 36 2 22 43 5 44 33 3 54 50 24 18 41 14 9 52 38 34 6 31 
78. Fitness: 5863778 Chromosome: 20 14 7 16 6 36 1 33 40 9 17 41 19 51 4 22 28 42 31 47 11 39 13 44 24 2 26 5 53 23 50 27 21 34 18 45 54 15 0 35 49 3 43 29 38 10 55 46 30 25 8 52 56 32 12 37 48 
79. Fitness: 5876279 Chromosome: 35 6 42 10 43 21 15 20 38 26 7 48 34 25 31 30 13 28 49 1 11 39 46 55 8 23 51 53 41 29 52 45 12 40 22 9 17 18 32 2 19 27 0 56 33 16 54 24 44 4 3 14 47 37 36 50 5 
80. Fitness: 5877580 Chromosome: 5 44 18 36 14 54 40 50 9 13 26 4 47 22 8 11 29 7 37 32 31 49 1 34 46 55 35 43 51 53 41 25 38 45 12 56 15 10 27 48 0 16 39 2 23 3 24 33 42 30 21 52 19 28 6 17 20 
81. Fitness: 5888781 Chromosome: 9 6 20 50 45 30 17 8 48 47 21 41 7 32 55 51 52 44 35 1 26 53 11 22 5 33 4 31 29 39 56 46 49 40 15 10 27 36 2 43 42 0 23 37 16 54 24 18 13 3 14 34 12 25 38 28 19 
82. Fitness: 5901982 Chromosome: 9 31 19 11 10 35 6 56 30 20 17 41 4 39 25 12 53 55 26 42 16 52 45 38 1 46 5 33 13 8 50 40 54 44 51 27 36 2 18 43 15 28 24 48 49 34 22 47 14 7 21 37 32 0 29 23 3 
83. Fitness: 5903983 Chromosome: 9 48 49 41 5 45 52 29 7 17 6 50 12 44 25 32 30 13 0 10 21 54 11 22 26 23 34 18 35 39 46 43 19 40 8 15 27 36 2 55 16 51 1 28 37 14 4 47 3 56 38 42 24 31 20 33 53 
84. Fitness: 5921184 Chromosome: 9 18 56 25 55 47 37 49 16 31 17 41 19 39 53 50 28 15 38 30 32 51 48 42 33 26 1 20 4 23 54 45 24 14 43 27 0 12 22 40 2 6 8 10 34 35 44 11 5 36 52 29 13 21 7 46 3 
85. Fitness: 5923085 Chromosome: 42 44 15 20 4 6 16 22 24 0 7 50 34 19 32 14 49 48 43 51 41 38 26 5 23 1 9 39 53 25 8 45 12 40 54 10 27 36 2 3 47 31 33 17 56 11 28 21 18 13 37 30 46 52 29 35 55 
86. Fitness: 5948486 Chromosome: 23 20 54 2 14 49 36 9 13 26 4 22 30 8 52 7 31 21 1 24 53 32 35 34 51 43 6 41 28 11 39 46 19 37 0 15 27 47 12 38 48 16 10 25 40 33 55 42 44 18 56 3 45 17 29 50 5 
87. Fitness: 5949187 Chromosome: 2 6 5 49 50 28 14 4 39 52 42 43 29 12 44 36 37 32 30 51 16 31 41 38 26 23 33 3 13 24 46 21 27 19 40 54 0 47 20 11 45 10 22 34 15 48 56 18 7 55 9 1 17 25 53 8 35 
88. Fitness: 5970388 Chromosome: 54 37 19 14 47 0 22 36 2 28 52 48 45 25 32 12 55 21 3 42 31 41 38 26 23 1 20 11 29 39 46 43 40 51 24 15 34 4 5 44 33 50 35 8 17 56 6 49 30 7 13 53 9 10 18 16 27 
89. Fitness: 5995589 Chromosome: 46 52 35 54 44 11 34 30 20 17 48 43 22 51 32 53 55 1 42 49 31 28 3 26 5 0 12 29 38 39 40 50 8 24 4 47 36 19 2 27 33 10 21 37 6 56 23 13 18 15 14 25 41 16 7 45 9 
90. Fitness: 6022990 Chromosome: 16 52 8 34 6 22 55 7 17 46 10 19 39 53 50 28 15 3 30 32 51 48 42 5 26 1 20 4 23 54 45 0 24 44 14 43 27 21 35 49 31 47 29 37 13 56 36 11 12 38 41 18 9 33 2 40 25 
91. Fitness: 6039491 Chromosome: 52 2 54 15 16 41 22 43 17 37 7 40 29 25 32 30 39 0 18 48 31 23 1 12 56 11 50 36 27 14 13 46 9 35 6 19 33 42 4 44 55 3 28 24 21 49 5 34 47 20 8 26 38 45 10 51 53 
92. Fitness: 6039592 Chromosome: 9 6 5 50 45 55 17 34 51 47 7 12 19 8 25 32 30 0 21 31 41 38 22 1 20 23 4 11 29 39 56 52 46 49 40 15 10 27 36 2 43 42 44 33 16 54 37 24 18 13 3 14 48 26 53 28 35 
93. Fitness: 6070593 Chromosome: 28 1 36 6 39 55 13 2 9 11 21 12 29 15 25 32 33 5 17 47 41 10 34 16 49 52 23 45 54 24 14 43 27 0 51 37 50 22 40 19 56 35 44 30 38 3 31 42 20 8 26 48 4 53 7 18 46 
94. Fitness: 6157994 Chromosome: 39 6 15 47 4 32 21 12 54 0 42 18 52 9 22 7 23 29 3 31 49 1 11 34 46 55 35 51 48 20 8 25 45 43 13 2 37 30 44 53 19 38 14 41 10 40 26 17 36 16 33 56 24 5 28 50 27 
95. Fitness: 6181995 Chromosome: 5 40 3 47 7 56 9 30 20 17 48 16 11 22 41 55 33 42 4 52 24 38 31 28 14 32 25 45 15 49 43 27 0 51 37 50 29 10 19 36 2 23 44 53 35 21 18 39 8 1 54 34 12 46 6 13 26 
96. Fitness: 6325396 Chromosome: 20 37 28 17 24 2 26 53 0 42 18 43 9 35 7 23 29 3 11 49 1 31 41 12 15 22 51 52 39 54 8 25 45 38 46 40 56 50 44 32 5 10 36 4 33 13 6 47 14 27 34 21 55 30 48 16 19 
97. Fitness: 6411597 Chromosome: 49 4 9 24 55 47 37 16 48 17 20 19 39 53 50 28 26 38 30 32 42 31 41 12 22 15 51 52 54 8 25 45 43 3 27 0 33 1 40 56 35 44 46 14 10 5 34 11 13 6 2 21 23 36 18 7 29 
98. Fitness: 6459498 Chromosome: 0 54 5 28 53 49 4 31 17 52 48 29 34 41 35 30 13 50 42 23 21 47 2 15 37 22 43 9 32 8 36 1 19 40 44 10 27 46 11 55 16 51 7 12 26 14 20 6 3 56 38 45 24 39 25 33 18 
99. Fitness: 6534499 Chromosome: 9 52 40 22 17 41 46 39 55 47 0 7 31 14 5 34 49 51 42 43 30 19 1 32 48 26 50 4 23 54 45 24 27 16 37 15 36 11 2 18 44 53 33 10 8 29 20 13 3 56 6 25 28 35 12 38 21 
