Recombination Probability: 90
Mutation Probability: 70
Population Size: 100
Maximum Number Of Generations: 10000
Crossover Operator: Order One Crossover
Mutation Operator: Insert Mutation
0. Fitness: 456880 Chromosome: 39 17 28 23 27 33 44 32 43 2 6 47 42 31 8 4 20 3 53 45 18 10 51 34 52 5 38 35 9 50 21 22 55 1 30 7 40 0 14 49 29 26 56 54 24 12 36 11 37 25 19 48 46 13 41 16 15 
1. Fitness: 495611 Chromosome: 54 24 31 38 55 43 6 4 19 12 51 11 3 18 10 49 37 7 25 48 29 33 20 13 41 16 27 15 32 17 23 21 52 34 39 30 50 9 2 1 0 35 47 45 14 8 26 56 44 42 5 53 40 36 22 28 46 
2. Fitness: 505702 Chromosome: 45 13 40 25 1 5 32 39 28 36 31 41 38 55 48 7 42 11 6 8 15 50 53 10 33 44 26 9 49 51 17 20 29 23 37 0 12 21 52 22 18 27 30 47 19 24 16 46 54 34 14 35 3 56 4 43 2 
3. Fitness: 506143 Chromosome: 41 6 15 29 19 17 12 36 31 25 4 46 42 55 10 3 23 18 52 11 50 14 21 47 5 53 8 40 37 33 43 24 22 13 45 7 27 30 20 26 1 9 0 38 54 51 49 35 16 48 32 39 28 56 34 44 2 
4. Fitness: 509074 Chromosome: 34 44 24 9 1 2 41 38 43 6 15 29 27 19 17 26 12 13 36 31 3 49 4 46 42 30 55 10 7 22 37 45 23 16 18 52 25 33 11 50 51 14 21 0 47 5 53 8 40 48 32 35 20 39 28 56 54 
5. Fitness: 512095 Chromosome: 40 44 24 29 33 46 13 41 43 2 6 47 42 31 38 8 4 20 3 53 45 18 10 51 34 52 5 35 9 50 21 22 55 1 30 0 17 26 49 48 37 19 14 56 12 36 39 11 23 16 7 25 28 15 32 54 27 
6. Fitness: 515026 Chromosome: 4 27 17 12 14 37 23 16 22 19 31 44 55 11 3 49 7 25 38 5 40 6 2 10 34 48 29 0 42 47 30 8 15 45 50 35 53 24 13 1 26 52 20 33 32 56 54 21 36 39 28 46 18 9 41 43 51 
7. Fitness: 521347 Chromosome: 48 32 36 16 30 10 35 3 20 39 22 28 56 46 54 45 34 44 24 18 9 1 15 31 2 41 38 7 55 43 51 6 13 29 4 27 19 17 26 49 12 14 37 23 21 11 33 25 0 42 47 50 5 52 53 8 40 
8. Fitness: 522568 Chromosome: 39 55 51 3 10 49 44 32 43 2 6 47 42 31 8 4 20 53 45 18 34 52 5 38 35 46 9 50 21 22 1 30 0 17 26 48 37 19 11 15 23 14 41 40 16 25 7 28 29 56 54 24 12 13 36 27 33 
9. Fitness: 525699 Chromosome: 12 36 27 33 44 4 32 43 2 6 47 42 31 20 3 53 18 10 51 34 52 5 38 9 22 55 0 17 49 48 37 19 11 15 23 39 13 35 41 45 30 21 50 1 14 8 26 56 40 16 46 25 7 28 29 54 24 
10. Fitness: 5308310 Chromosome: 3 2 6 32 27 31 44 24 33 20 13 47 43 54 8 56 12 36 53 45 18 10 51 34 52 5 38 35 9 50 21 22 55 1 30 0 17 26 49 48 37 19 11 15 23 14 41 39 40 16 46 25 7 28 29 4 42 
11. Fitness: 5312911 Chromosome: 23 15 40 55 14 3 29 4 31 13 52 5 18 37 11 17 53 43 32 12 25 7 46 30 21 20 27 19 26 49 22 8 39 28 56 0 6 38 41 50 44 45 35 9 51 2 1 10 36 42 48 16 47 24 54 34 33 
12. Fitness: 5349812 Chromosome: 10 49 37 25 28 32 2 17 9 19 6 34 30 23 15 5 27 40 31 44 22 24 29 48 33 20 46 13 41 16 45 47 21 52 11 38 7 43 18 35 54 0 50 1 14 8 26 56 53 12 36 4 42 39 55 51 3 
13. Fitness: 5357613 Chromosome: 48 10 55 16 3 20 25 26 56 41 44 45 32 28 34 5 38 9 17 42 50 21 22 1 0 6 19 37 43 24 13 7 51 49 2 35 11 29 4 40 53 52 12 31 14 54 27 36 18 33 47 46 30 15 23 8 39 
14. Fitness: 5360614 Chromosome: 33 30 2 52 20 28 48 29 11 51 17 49 4 27 56 50 46 16 31 44 38 55 0 43 6 3 34 18 47 5 35 41 54 53 1 7 25 19 22 24 42 12 45 14 37 23 21 10 15 32 26 9 39 36 8 13 40 
15. Fitness: 5364815 Chromosome: 17 25 13 32 19 18 5 23 12 16 30 0 14 35 54 3 20 39 22 28 56 46 29 52 26 41 40 4 53 43 51 50 11 37 38 6 49 24 7 10 44 1 27 47 48 9 36 55 34 15 8 21 31 2 45 33 42 
16. Fitness: 5374916 Chromosome: 33 44 43 2 6 47 42 31 52 8 4 20 3 53 45 18 10 51 5 38 35 9 50 22 55 1 0 26 15 32 39 17 28 23 21 34 30 7 49 48 37 19 11 14 41 40 16 46 25 29 56 54 24 12 13 36 27 
17. Fitness: 5376017 Chromosome: 12 36 4 42 39 28 55 51 11 3 18 10 49 46 54 45 29 37 7 25 48 33 20 13 41 16 27 15 32 17 23 21 52 34 30 50 9 2 1 0 35 47 14 8 26 56 44 5 43 40 19 38 31 22 6 24 53 
18. Fitness: 5383018 Chromosome: 52 50 7 29 46 30 39 28 16 42 31 51 34 5 9 43 2 15 27 17 25 49 14 37 23 22 40 53 13 32 10 0 35 38 54 6 41 1 4 44 18 11 48 47 24 33 19 55 3 21 36 20 8 26 56 45 12 
19. Fitness: 5397919 Chromosome: 53 24 10 51 34 52 5 35 9 44 50 21 31 56 3 16 14 39 22 27 33 42 15 32 17 28 20 29 11 23 37 54 38 55 0 6 4 2 1 13 41 47 43 12 7 30 19 26 49 36 40 25 48 46 45 8 18 
20. Fitness: 5424320 Chromosome: 3 2 20 39 28 56 46 54 51 11 9 22 29 8 4 49 26 21 31 45 12 52 40 37 33 42 17 25 38 43 13 32 19 18 16 5 23 41 6 24 50 7 10 44 1 53 27 30 47 48 34 55 15 36 0 14 35 
21. Fitness: 5447421 Chromosome: 47 44 24 54 33 19 6 30 23 15 55 51 14 3 11 20 56 22 29 8 4 49 34 1 52 5 38 35 26 43 21 31 2 45 37 13 25 12 40 17 41 50 7 10 53 18 27 32 9 28 39 36 48 46 0 42 16 
22. Fitness: 5460822 Chromosome: 26 54 25 53 12 2 47 40 38 44 17 16 45 52 10 3 8 55 5 11 46 15 27 19 14 23 18 31 41 56 28 39 4 36 6 29 1 37 33 43 24 20 22 13 30 9 51 49 35 50 7 21 0 42 48 32 34 
23. Fitness: 5481823 Chromosome: 13 4 11 18 16 34 22 20 56 3 46 8 1 39 28 40 44 24 35 0 17 41 38 47 36 55 6 30 26 9 48 25 42 51 31 52 5 29 7 49 54 53 12 45 14 37 23 21 10 15 27 32 43 19 50 2 33 
24. Fitness: 5492124 Chromosome: 3 47 10 49 37 44 43 40 38 31 22 6 24 12 29 33 20 46 41 16 27 15 32 39 28 23 21 52 34 30 50 2 1 0 8 35 11 45 14 26 56 54 19 25 13 7 9 17 5 18 48 53 36 4 42 55 51 
25. Fitness: 5499125 Chromosome: 36 55 51 35 44 56 22 29 8 4 20 3 53 49 26 21 31 2 45 12 52 40 14 37 33 42 17 25 38 43 13 32 19 16 5 23 41 6 24 50 7 10 1 18 27 30 47 48 9 0 11 46 54 15 39 28 34 
26. Fitness: 5541026 Chromosome: 17 16 45 52 8 55 46 15 14 23 11 3 18 10 49 37 1 7 25 9 5 43 27 40 19 38 31 41 56 28 39 4 36 6 29 33 24 20 22 13 30 51 35 50 21 0 42 48 32 34 26 54 53 12 2 47 44 
27. Fitness: 5559927 Chromosome: 37 19 39 36 40 20 3 28 48 54 46 8 53 24 10 42 31 51 34 5 38 35 9 2 50 21 44 22 55 0 6 45 23 16 18 52 25 33 29 4 1 13 41 15 47 56 11 17 43 32 12 7 30 27 26 14 49 
28. Fitness: 5571828 Chromosome: 15 32 39 44 30 7 3 28 48 54 46 8 45 18 53 24 16 31 51 34 52 50 5 38 35 9 21 22 55 0 17 26 49 43 41 2 11 12 23 47 40 20 6 14 56 25 1 10 36 42 29 19 37 13 4 33 27 
29. Fitness: 5574029 Chromosome: 55 21 29 36 48 43 2 45 13 40 50 25 10 1 53 5 30 51 39 31 38 0 4 46 7 19 22 24 42 11 6 8 15 35 27 44 41 18 33 34 52 20 56 26 23 14 49 37 12 16 47 3 54 32 17 9 28 
30. Fitness: 5579730 Chromosome: 32 20 29 25 55 3 16 50 33 45 12 27 37 24 51 39 36 56 48 49 13 8 4 46 40 19 22 52 11 38 35 54 41 34 23 30 1 2 47 5 14 42 21 43 10 7 28 31 0 17 44 26 6 18 53 15 9 
31. Fitness: 5580431 Chromosome: 51 26 13 47 4 40 0 6 2 35 36 29 31 56 3 16 14 39 22 33 42 15 32 17 28 20 11 23 37 38 50 10 44 25 45 24 41 9 52 5 18 48 34 55 21 54 46 1 43 8 12 7 30 27 19 53 49 
32. Fitness: 5585832 Chromosome: 3 0 6 38 2 47 12 17 5 14 8 35 26 56 54 53 44 24 39 22 27 33 42 15 32 28 20 29 11 23 37 50 7 10 25 45 19 41 9 52 18 1 4 16 40 49 21 55 13 30 48 34 46 36 31 43 51 
33. Fitness: 5588833 Chromosome: 14 35 3 22 56 52 54 26 40 4 53 43 51 50 6 17 24 12 48 29 33 20 46 13 41 16 27 15 32 39 28 23 11 37 38 49 45 44 19 25 42 7 9 5 18 34 55 47 31 2 1 10 8 36 21 30 0 
34. Fitness: 5594434 Chromosome: 25 42 33 5 15 29 10 55 40 16 0 14 17 35 3 20 30 32 39 13 28 41 43 51 6 11 22 38 26 19 56 46 54 49 45 37 23 27 44 24 50 52 8 34 48 2 18 47 9 21 53 12 7 36 1 31 4 
35. Fitness: 5602635 Chromosome: 17 54 42 16 30 55 10 53 7 45 12 27 37 24 51 39 36 34 56 48 49 13 8 4 46 40 19 22 52 3 35 23 47 18 9 43 5 31 26 20 14 1 33 11 0 38 50 44 25 21 41 29 28 6 15 32 2 
36. Fitness: 5611336 Chromosome: 32 8 39 28 12 14 18 34 41 56 44 6 25 19 33 43 24 13 36 31 49 4 46 42 30 37 55 10 7 22 3 45 23 16 27 20 26 1 9 0 38 54 51 35 47 5 50 17 2 11 48 29 21 40 53 52 15 
37. Fitness: 5638737 Chromosome: 26 20 17 56 46 54 36 31 43 51 3 39 22 42 15 28 11 38 50 7 47 14 4 27 33 32 40 29 23 37 5 0 6 10 44 25 45 24 19 41 9 52 18 48 34 55 2 1 21 16 30 35 49 13 12 53 8 
38. Fitness: 5658438 Chromosome: 15 32 2 17 54 26 30 56 46 42 13 55 14 10 22 1 37 24 47 12 23 43 28 0 6 38 41 50 27 44 5 29 8 49 4 20 3 18 40 53 45 35 7 21 19 9 16 25 33 51 34 48 52 11 31 39 36 
39. Fitness: 5659039 Chromosome: 0 42 16 47 44 24 54 33 19 6 34 30 23 15 55 51 14 35 3 11 20 56 22 29 8 4 49 38 26 43 21 31 2 45 37 13 12 52 36 40 17 41 50 7 10 1 53 5 18 27 32 9 28 39 25 48 46 
40. Fitness: 5661740 Chromosome: 35 3 20 56 22 29 8 49 26 43 21 27 2 25 13 9 40 4 50 33 45 12 37 24 17 51 39 28 36 31 34 19 52 11 38 7 41 10 1 53 5 18 32 48 46 0 42 16 47 44 54 6 30 23 15 55 14 
41. Fitness: 5663441 Chromosome: 54 11 25 48 20 46 13 41 39 17 55 47 2 0 3 16 4 50 33 45 12 27 37 24 51 40 19 22 30 18 31 44 9 52 15 53 42 21 43 10 7 28 5 34 1 23 36 32 14 6 38 35 49 29 8 26 56 
42. Fitness: 5665742 Chromosome: 47 56 49 13 23 17 26 4 50 45 12 27 2 24 51 54 32 28 36 0 6 34 55 14 10 53 7 22 48 37 30 33 38 11 29 3 40 18 25 43 20 19 44 39 46 8 16 42 31 52 5 35 9 21 1 41 15 
43. Fitness: 5674643 Chromosome: 56 54 53 12 13 46 30 55 48 21 34 36 31 43 51 3 14 39 22 27 33 42 15 32 17 28 20 29 11 23 37 38 50 19 7 10 44 25 45 24 41 9 52 0 18 1 2 5 4 16 40 35 49 6 47 8 26 
44. Fitness: 5682044 Chromosome: 55 17 27 28 29 13 30 51 31 38 4 46 40 25 19 22 24 42 11 33 50 52 8 44 49 48 16 20 0 43 6 3 34 18 47 5 35 41 54 53 1 12 45 14 37 23 21 10 15 32 26 9 7 39 36 56 2 
45. Fitness: 5701345 Chromosome: 12 13 36 49 4 30 55 20 3 28 48 54 46 45 8 18 53 24 16 10 42 31 51 34 52 5 38 7 22 37 23 25 33 11 50 43 27 40 19 0 44 39 41 29 6 15 32 1 21 9 2 47 17 14 35 26 56 
46. Fitness: 5711846 Chromosome: 56 21 1 17 26 41 8 2 24 51 54 32 28 36 0 6 34 55 14 10 7 48 30 38 29 3 40 18 25 20 49 53 50 11 33 45 12 27 37 43 22 19 23 35 44 52 31 13 4 46 39 16 47 15 5 9 42 
47. Fitness: 5715247 Chromosome: 3 46 30 15 23 8 39 48 41 44 45 32 28 34 5 38 9 17 42 50 56 21 22 55 1 0 6 25 19 10 37 43 47 24 20 13 7 26 51 49 2 35 11 29 4 40 53 52 12 31 14 54 27 36 18 33 16 
48. Fitness: 5721848 Chromosome: 4 10 53 49 12 39 37 25 28 6 15 32 2 17 9 5 27 40 19 31 44 22 34 24 29 48 33 20 46 13 41 16 45 30 47 21 52 11 38 7 43 23 18 35 54 0 50 1 14 8 26 56 36 42 55 51 3 
49. Fitness: 5727849 Chromosome: 36 3 16 10 42 31 12 1 35 21 0 2 30 15 14 20 29 39 22 28 56 46 52 54 51 26 41 40 4 53 50 11 37 43 38 6 49 45 23 27 44 24 19 25 13 7 9 17 5 18 48 34 55 33 47 8 32 
50. Fitness: 5730150 Chromosome: 11 31 39 50 27 36 20 29 37 7 8 28 6 15 32 2 17 54 26 43 30 56 46 42 4 13 55 14 10 38 53 22 49 1 3 45 35 24 5 47 12 23 21 19 0 44 9 41 16 18 33 51 34 48 40 25 52 
51. Fitness: 5741051 Chromosome: 55 16 3 20 26 56 46 0 6 49 44 13 40 4 50 33 45 12 37 24 17 51 31 34 19 52 11 38 7 48 43 23 35 54 30 47 2 21 41 22 14 8 42 10 1 53 5 18 27 32 9 28 39 25 36 15 29 
52. Fitness: 5745152 Chromosome: 10 3 55 11 15 27 14 23 18 41 28 6 29 37 9 35 43 32 12 51 7 46 30 13 39 36 1 31 38 0 4 40 25 19 22 24 42 33 50 5 52 8 44 34 49 26 48 16 20 56 2 21 54 53 47 17 45 
53. Fitness: 5745353 Chromosome: 35 2 56 48 49 13 8 20 29 25 55 46 16 50 33 45 12 27 37 24 51 40 19 30 18 44 9 52 15 53 42 21 10 7 28 34 23 36 32 39 11 54 41 1 0 3 22 43 14 6 31 4 5 38 17 26 47 
54. Fitness: 5753654 Chromosome: 55 16 3 20 48 56 46 6 44 25 13 9 50 33 45 12 27 37 24 17 39 28 36 31 34 19 52 38 7 43 23 18 54 0 30 47 26 51 49 2 35 11 29 4 40 21 41 22 1 5 14 8 53 42 15 32 10 
55. Fitness: 5759755 Chromosome: 4 11 33 14 32 20 29 49 12 44 52 8 30 7 17 25 38 22 5 40 0 3 6 2 34 24 48 50 41 18 54 45 37 21 10 27 9 26 53 39 15 28 23 1 35 56 16 47 46 31 55 43 51 42 36 19 13 
56. Fitness: 5759756 Chromosome: 12 13 49 46 30 55 10 51 39 36 4 7 25 42 11 6 8 15 45 50 53 27 40 19 38 31 0 44 22 37 3 23 16 18 41 52 43 48 1 21 34 9 33 32 28 20 29 2 47 17 5 14 35 26 56 54 24 
57. Fitness: 5764157 Chromosome: 9 1 7 55 14 35 3 20 39 28 56 46 52 54 51 26 41 13 15 0 4 49 43 27 40 19 38 31 17 44 22 6 2 34 24 48 29 32 12 37 23 8 21 33 25 42 47 11 50 5 53 36 16 30 10 45 18 
58. Fitness: 5771058 Chromosome: 21 55 51 18 10 37 9 27 40 19 38 31 17 44 6 24 46 22 43 2 33 34 16 7 0 25 11 50 48 5 29 13 8 49 4 20 3 1 41 15 47 56 32 12 30 26 14 23 39 36 28 54 45 53 42 52 35 
59. Fitness: 5779659 Chromosome: 55 21 30 43 51 39 36 4 7 25 42 11 6 8 15 45 53 27 40 19 38 31 0 44 22 34 24 48 29 33 20 52 46 23 16 18 41 50 13 35 10 5 12 26 37 14 1 56 2 49 47 3 54 32 17 9 28 
60. Fitness: 5783660 Chromosome: 54 31 52 6 5 36 46 15 39 40 32 23 11 47 50 8 2 56 28 4 30 26 53 10 33 13 9 7 51 0 38 3 34 41 42 21 45 12 27 37 43 22 20 29 25 19 48 44 24 1 16 17 49 55 35 14 18 
61. Fitness: 5812261 Chromosome: 2 1 42 10 15 32 8 36 21 12 16 30 0 14 35 3 20 39 22 28 56 46 52 54 7 51 26 41 40 4 53 50 11 37 43 38 6 49 45 23 27 44 24 19 25 13 9 17 5 18 48 34 55 33 47 29 31 
62. Fitness: 5813162 Chromosome: 36 31 0 4 46 6 8 56 22 27 33 40 53 7 35 17 49 41 47 21 12 42 15 32 28 20 29 11 23 37 38 50 10 44 25 45 24 19 9 52 5 18 48 34 55 2 1 16 30 26 14 3 54 13 43 51 39 
63. Fitness: 5819163 Chromosome: 21 32 16 11 50 48 8 20 3 53 45 23 18 10 49 37 7 25 9 5 43 27 40 19 38 31 17 0 44 22 6 2 34 24 33 46 29 4 1 13 41 15 47 35 30 12 36 56 39 28 54 42 51 26 14 55 52 
64. Fitness: 5824164 Chromosome: 15 32 8 36 21 12 16 30 0 14 35 7 25 3 45 20 39 22 28 56 46 52 54 51 26 41 40 4 53 50 11 37 43 38 6 49 23 27 48 44 24 19 13 9 17 5 18 34 55 33 47 29 31 2 1 42 10 
65. Fitness: 5827765 Chromosome: 48 10 54 46 8 18 16 42 34 5 9 55 0 49 41 28 31 43 2 51 15 30 13 33 38 17 26 40 4 53 50 11 37 12 21 44 52 22 7 1 35 25 3 45 19 24 6 27 29 14 47 56 32 39 36 20 23 
66. Fitness: 5834366 Chromosome: 16 24 54 34 30 55 35 3 56 22 31 2 45 13 7 10 19 1 9 36 46 18 51 48 43 38 44 39 41 20 29 28 6 15 32 4 27 17 26 49 12 14 37 23 21 33 25 0 42 47 11 50 5 52 53 8 40 
67. Fitness: 5844767 Chromosome: 9 2 47 17 5 14 28 8 35 26 56 54 53 24 12 13 55 0 49 41 36 31 4 46 42 30 7 22 37 3 45 23 16 18 52 25 33 11 50 51 48 43 27 40 19 38 44 39 20 29 6 15 32 1 10 21 34 
68. Fitness: 5851068 Chromosome: 36 31 51 3 14 39 22 27 33 40 7 35 17 49 41 47 21 12 42 15 32 20 28 29 11 23 37 4 53 43 38 50 10 44 25 45 24 19 9 52 5 18 48 34 55 2 1 16 30 0 13 6 8 26 56 46 54 
69. Fitness: 5855669 Chromosome: 36 39 13 4 11 45 18 15 19 26 49 14 12 37 44 21 33 20 29 32 52 8 30 7 17 25 9 41 38 22 5 40 0 3 6 2 34 24 48 23 27 28 50 1 35 56 16 47 46 54 31 55 43 51 42 10 53 
70. Fitness: 5858170 Chromosome: 45 13 16 41 3 18 10 1 7 9 43 40 38 31 44 22 6 2 34 24 48 29 32 20 52 53 30 46 54 15 39 28 14 36 27 19 17 49 12 37 23 8 21 33 25 0 42 47 11 50 5 4 55 51 35 56 26 
71. Fitness: 5881071 Chromosome: 36 20 29 8 15 2 17 54 26 30 56 46 42 4 43 13 55 14 10 53 22 32 31 49 1 37 3 24 5 47 12 23 28 0 6 38 41 50 44 45 35 7 21 19 9 16 18 25 33 51 34 48 40 52 11 39 27 
72. Fitness: 5891172 Chromosome: 29 18 42 52 12 53 36 31 11 10 55 40 30 14 3 20 39 28 19 56 46 6 45 37 23 44 25 41 1 21 5 33 43 24 22 13 9 7 27 0 38 34 26 54 51 49 35 16 47 50 17 2 4 15 8 48 32 
73. Fitness: 5902173 Chromosome: 36 39 16 47 44 28 6 40 53 37 7 25 3 45 19 24 10 42 31 51 5 34 1 52 38 35 9 50 21 22 55 0 17 26 49 43 41 2 11 12 23 4 30 15 13 33 27 14 18 48 20 29 8 56 46 54 32 
74. Fitness: 5916674 Chromosome: 4 20 46 3 53 10 7 25 38 5 6 34 24 27 28 44 13 26 21 31 2 45 12 52 40 37 33 42 17 35 39 22 55 1 0 49 48 19 11 30 15 23 18 14 36 56 41 51 47 32 54 9 43 16 50 29 8 
75. Fitness: 5919475 Chromosome: 15 36 19 39 18 13 4 11 45 32 52 17 25 41 40 0 6 24 28 50 1 16 31 55 43 51 42 10 26 49 14 12 37 23 44 34 22 30 7 9 38 21 47 35 3 5 27 33 48 20 29 2 8 56 46 54 53 
76. Fitness: 5928376 Chromosome: 22 27 42 15 17 50 7 45 52 1 21 43 44 9 16 41 8 2 53 24 51 54 32 28 36 0 6 34 48 37 14 30 33 38 11 29 3 40 18 25 10 20 49 19 23 35 5 4 47 55 13 12 26 56 46 31 39 
77. Fitness: 5953377 Chromosome: 2 35 56 54 24 13 36 31 46 30 55 22 3 45 42 16 18 51 48 43 38 44 39 20 29 28 6 15 32 4 27 19 26 49 12 14 37 23 52 40 17 41 50 7 10 21 33 25 0 47 11 5 53 8 1 34 9 
78. Fitness: 5955378 Chromosome: 34 16 3 46 8 1 39 28 40 24 35 0 47 36 55 6 30 9 38 48 25 42 31 41 51 15 19 17 26 49 14 12 37 13 23 44 52 5 29 7 54 53 45 21 10 27 32 43 50 2 33 22 18 56 20 4 11 
79. Fitness: 5996079 Chromosome: 31 43 51 3 14 39 22 27 40 53 7 35 17 49 47 21 12 42 15 32 28 29 11 37 38 50 10 25 45 24 19 9 5 48 55 1 16 30 0 13 4 44 41 18 33 34 52 20 56 26 2 23 6 8 46 54 36 
80. Fitness: 5996680 Chromosome: 1 40 20 28 2 38 44 45 53 52 15 32 8 17 54 56 46 21 4 18 10 49 37 7 25 9 22 5 0 6 34 24 48 23 27 13 35 30 36 55 42 31 41 51 19 26 14 47 12 43 33 16 11 50 29 3 39 
81. Fitness: 6027681 Chromosome: 0 6 18 49 51 13 12 36 46 15 39 3 40 32 19 23 11 47 50 8 2 56 21 28 4 30 26 17 53 33 45 27 37 43 22 20 29 25 48 44 24 1 52 14 10 35 7 34 9 16 5 38 54 42 31 41 55 
82. Fitness: 6033182 Chromosome: 41 49 20 47 3 54 32 17 9 28 55 21 29 13 48 30 43 51 39 36 31 38 0 4 46 40 7 25 19 22 24 42 11 23 37 6 12 44 52 8 18 27 33 16 34 14 35 56 26 2 45 50 10 1 53 5 15 
83. Fitness: 6036083 Chromosome: 11 48 29 8 20 40 27 2 17 54 26 30 56 14 46 42 4 13 55 10 53 22 49 1 37 3 24 5 47 12 23 43 28 0 6 38 41 50 44 45 35 7 21 19 9 16 18 25 33 36 31 39 51 52 32 15 34 
84. Fitness: 6056384 Chromosome: 14 8 26 56 54 12 13 45 36 4 27 33 42 15 32 31 51 34 52 28 20 53 22 49 1 37 3 24 5 29 11 23 44 0 6 38 41 50 7 10 25 55 40 39 35 46 16 18 19 30 43 48 21 9 2 47 17 
85. Fitness: 6058085 Chromosome: 43 36 56 11 53 12 2 34 48 29 33 47 35 18 54 45 37 10 21 44 52 8 30 7 17 25 9 41 38 22 5 40 0 15 3 6 27 26 39 28 23 1 4 13 24 20 42 50 51 46 16 19 31 55 49 14 32 
86. Fitness: 6069586 Chromosome: 0 34 9 2 35 56 54 24 13 36 31 46 30 55 10 37 7 22 3 45 16 18 51 48 43 38 44 39 41 20 29 28 6 15 32 4 27 19 17 26 49 12 47 50 21 40 53 42 14 23 52 8 5 11 1 25 33 
87. Fitness: 6084487 Chromosome: 52 54 26 4 43 51 14 39 22 27 33 40 53 7 35 17 49 12 41 47 21 42 15 32 28 20 29 11 23 37 38 50 6 45 44 24 19 25 13 9 5 18 48 34 55 31 2 1 10 8 36 16 30 0 3 56 46 
88. Fitness: 6119288 Chromosome: 28 48 15 32 4 17 21 42 36 12 14 23 18 31 41 56 45 52 3 8 55 5 20 11 46 44 6 1 25 19 10 37 33 43 24 22 13 9 7 27 0 38 34 26 54 51 49 35 16 47 50 53 40 2 30 39 29 
89. Fitness: 6123489 Chromosome: 6 26 56 54 45 27 21 2 3 29 15 23 37 11 17 53 43 4 32 12 7 46 30 13 51 39 36 1 31 38 0 40 25 19 22 24 42 33 50 5 52 8 44 34 49 9 48 18 47 10 55 16 14 35 20 28 41 
90. Fitness: 6127490 Chromosome: 55 6 21 3 29 37 17 53 43 32 12 7 30 13 51 39 36 15 1 5 11 46 27 19 14 23 18 31 38 0 4 40 25 22 24 42 33 50 52 8 44 34 49 26 48 16 20 56 2 41 45 10 47 35 54 9 28 
91. Fitness: 6127991 Chromosome: 6 15 32 2 17 54 9 43 27 40 29 19 31 0 44 48 33 20 52 46 41 30 21 4 13 55 14 10 38 53 7 22 49 1 37 3 45 35 24 5 47 12 50 8 26 56 36 42 39 51 11 34 23 16 18 25 28 
92. Fitness: 6137792 Chromosome: 39 27 17 4 13 55 22 1 45 5 21 43 44 9 16 41 8 2 53 24 33 42 15 32 28 20 29 11 23 37 38 50 7 10 25 19 52 18 48 34 54 46 12 0 49 51 26 47 40 6 35 30 36 31 56 3 14 
93. Fitness: 6158093 Chromosome: 4 13 55 22 1 45 5 21 43 44 9 16 41 8 2 53 24 51 54 28 36 42 15 32 17 0 6 34 48 37 14 30 33 38 11 29 3 40 18 25 10 20 49 19 23 35 7 12 52 47 31 50 27 46 56 39 26 
94. Fitness: 6169194 Chromosome: 17 28 55 21 29 13 39 38 0 4 46 40 7 25 42 11 6 8 15 50 53 10 33 44 26 20 14 1 56 2 22 49 37 3 45 35 24 34 23 47 9 12 19 52 18 27 30 43 51 48 5 36 31 41 16 54 32 
95. Fitness: 6211795 Chromosome: 42 15 32 39 28 30 36 12 14 18 31 41 56 52 3 8 55 5 20 11 46 44 6 1 25 19 10 33 43 24 22 13 9 7 0 38 49 45 37 23 27 34 26 54 51 35 16 47 50 17 2 48 29 4 21 40 53 
96. Fitness: 6278496 Chromosome: 14 3 20 39 26 28 43 51 19 21 40 2 38 24 17 54 56 46 4 53 45 18 10 49 37 7 25 9 22 5 0 6 34 48 23 27 44 13 35 30 52 36 55 1 31 42 11 33 47 29 41 50 15 32 8 12 16 
97. Fitness: 6345497 Chromosome: 9 8 2 53 51 54 36 0 6 40 34 48 30 18 3 16 14 39 22 27 33 42 15 32 17 28 20 29 11 23 37 38 50 7 10 44 25 45 24 19 41 49 35 12 52 47 31 46 56 26 4 13 55 1 5 21 43 
98. Fitness: 6350398 Chromosome: 54 46 8 42 31 34 5 7 9 55 49 2 30 15 13 17 26 4 53 37 12 21 22 1 35 10 24 6 14 47 3 45 23 16 18 52 25 33 11 50 51 48 43 27 40 19 38 0 44 39 41 20 29 56 32 36 28 
99. Fitness: 6495799 Chromosome: 55 3 7 38 40 2 43 54 41 18 21 10 9 28 36 51 4 27 19 17 49 12 14 37 23 25 0 42 11 5 44 47 30 6 8 15 45 50 35 53 22 24 13 34 1 26 48 16 52 20 33 29 32 39 56 46 31 
