Recombination Probability: 80
Mutation Probability: 60
Population Size: 100
Maximum Number Of Generations: 10000
Crossover Operator: Order One Crossover
Mutation Operator: Swap Mutation
0. Fitness: 468690 Chromosome: 47 42 7 17 9 16 29 11 2 48 19 8 43 35 20 23 52 27 30 44 49 14 36 53 31 56 50 51 15 26 33 32 46 39 1 6 13 24 41 3 25 28 40 22 37 4 45 5 34 12 10 0 38 21 55 54 18 
1. Fitness: 489961 Chromosome: 29 18 47 42 7 17 9 11 2 48 19 8 43 35 20 23 52 27 30 44 49 14 40 53 31 56 50 51 15 26 33 32 46 39 34 6 13 24 41 3 25 28 36 22 37 4 45 5 1 12 10 0 38 21 55 16 54 
2. Fitness: 511522 Chromosome: 11 25 15 43 40 19 10 53 27 2 41 44 35 6 8 30 14 13 24 39 12 54 50 5 55 4 18 42 20 49 26 7 52 0 9 33 16 34 32 3 38 23 21 51 22 48 28 29 31 36 1 17 37 56 46 47 45 
3. Fitness: 511923 Chromosome: 28 27 49 46 7 30 55 18 32 44 1 2 38 4 53 31 56 50 39 6 16 24 25 12 22 9 34 37 33 47 40 8 42 36 14 11 21 51 43 19 41 20 54 26 0 3 10 17 29 35 48 45 13 52 15 5 23 
4. Fitness: 512214 Chromosome: 47 45 43 30 12 25 39 7 8 24 2 48 36 56 32 13 42 4 51 40 46 37 14 19 49 11 16 54 23 0 15 55 44 35 38 27 34 20 9 53 10 29 31 1 28 17 22 33 26 52 50 5 41 21 3 18 6 
5. Fitness: 517895 Chromosome: 50 27 45 4 36 30 22 49 21 55 46 7 48 51 18 47 42 14 13 24 39 12 40 17 9 20 16 0 37 53 54 44 6 1 19 56 2 41 35 11 52 25 31 23 32 26 5 29 10 43 15 3 33 28 8 38 34 
6. Fitness: 519836 Chromosome: 50 27 45 4 36 30 22 49 21 55 46 7 48 51 18 47 42 14 13 24 39 12 40 17 9 20 16 0 37 53 54 44 6 1 19 56 2 41 5 11 52 25 31 23 32 15 35 29 10 43 26 3 33 28 8 38 34 
7. Fitness: 521587 Chromosome: 28 27 49 46 7 30 55 18 32 44 1 2 38 4 53 31 56 50 39 6 16 24 25 12 22 9 34 37 33 47 40 8 42 36 14 11 21 51 43 19 41 20 23 26 0 3 10 17 29 35 48 45 13 52 15 5 54 
8. Fitness: 523098 Chromosome: 6 31 16 18 3 15 12 47 42 13 2 48 19 35 20 23 52 27 30 14 24 45 49 21 28 34 56 10 17 11 5 54 37 9 32 46 39 1 40 26 22 43 41 7 4 29 25 53 33 55 0 8 38 36 44 50 51 
9. Fitness: 526739 Chromosome: 23 49 53 55 14 15 6 31 16 1 3 44 34 30 48 36 56 32 13 42 4 51 20 40 46 37 43 47 11 10 29 5 39 35 38 27 25 52 9 33 12 22 18 17 41 0 26 54 28 50 2 45 19 7 21 24 8 
10. Fitness: 5293310 Chromosome: 15 12 47 42 7 2 13 9 30 34 8 48 19 1 35 20 23 52 17 43 14 24 39 49 53 25 28 40 26 41 4 29 22 10 11 5 54 37 33 55 21 38 36 32 18 46 45 56 3 0 27 44 50 51 6 31 16 
11. Fitness: 5311511 Chromosome: 35 34 41 50 39 28 30 52 18 49 45 19 7 48 21 24 8 23 6 1 26 31 12 13 42 4 51 38 20 40 33 54 22 14 9 56 36 46 11 47 43 5 25 32 2 55 29 44 10 27 16 3 15 17 37 53 0 
12. Fitness: 5359912 Chromosome: 3 48 36 54 43 56 42 20 16 45 26 0 32 37 21 50 27 47 28 12 25 22 33 9 19 40 46 7 52 41 51 6 39 49 35 5 1 23 53 55 38 24 29 30 10 11 18 4 15 34 31 14 17 8 44 13 2 
13. Fitness: 5361613 Chromosome: 13 51 43 56 42 20 16 45 26 0 40 32 37 21 41 4 14 52 39 12 25 22 33 9 19 50 27 7 47 28 6 49 35 5 1 23 53 55 38 24 29 30 46 10 11 18 34 31 15 17 8 44 2 3 48 36 54 
14. Fitness: 5368114 Chromosome: 21 6 1 26 31 12 42 4 51 23 41 32 7 14 13 24 39 25 17 9 16 11 48 49 22 8 38 20 40 33 54 0 55 46 47 43 5 2 36 29 44 10 27 3 15 37 53 56 35 34 50 28 30 52 18 45 19 
15. Fitness: 5375315 Chromosome: 24 52 40 13 9 54 30 12 34 8 21 32 0 44 49 50 51 56 6 31 4 18 3 28 15 23 14 38 19 33 45 46 39 1 35 43 41 7 10 26 17 11 22 27 2 16 29 25 53 55 36 37 48 5 20 47 42 
16. Fitness: 5376616 Chromosome: 36 4 12 55 49 31 20 15 8 53 51 6 37 21 54 42 48 32 0 50 44 14 38 19 2 33 45 46 39 40 26 35 56 22 41 7 29 25 17 11 18 47 43 5 3 16 1 52 10 23 34 27 13 30 24 9 28 
17. Fitness: 5394217 Chromosome: 47 53 56 28 49 2 8 3 11 43 35 45 18 21 34 4 15 52 39 12 25 22 33 9 19 40 46 7 13 41 51 5 32 55 24 42 31 14 20 23 26 0 36 37 6 10 17 48 1 50 27 54 16 44 38 30 29 
18. Fitness: 5409518 Chromosome: 10 17 5 54 37 32 39 1 53 31 56 11 15 26 24 3 25 28 22 8 45 33 9 40 46 7 13 16 51 19 2 4 42 36 14 6 43 41 20 29 55 0 38 44 50 18 12 47 48 35 23 52 27 30 49 21 34 
19. Fitness: 5420119 Chromosome: 19 7 48 25 24 8 46 23 49 53 55 14 15 6 42 31 16 1 3 51 44 32 13 40 34 30 37 43 47 11 10 29 5 39 36 35 38 27 21 52 20 9 33 12 22 18 17 41 0 26 54 4 28 56 50 2 45 
20. Fitness: 5424320 Chromosome: 47 42 7 23 27 14 31 51 15 33 32 46 24 3 36 37 4 5 34 0 39 25 40 17 9 16 11 2 48 19 49 22 8 6 44 35 29 52 50 30 28 26 41 43 53 56 1 45 13 12 10 20 38 21 55 54 18 
21. Fitness: 5442321 Chromosome: 53 31 56 15 26 24 25 28 4 45 49 32 44 11 3 12 47 5 21 18 22 33 9 40 46 7 13 16 51 19 2 8 42 36 14 6 43 41 20 23 0 10 38 48 17 39 34 50 37 29 54 55 35 52 27 30 1 
22. Fitness: 5452922 Chromosome: 5 55 4 18 37 42 0 33 47 38 41 16 7 14 13 24 39 25 17 9 32 11 48 49 22 8 43 44 29 52 50 27 30 28 26 6 20 51 1 40 19 21 56 31 36 3 23 34 45 46 12 53 54 2 35 15 10 
23. Fitness: 5463223 Chromosome: 47 53 56 28 49 2 8 3 11 43 35 45 18 21 34 4 15 52 39 12 25 37 33 9 19 40 46 7 13 41 51 5 32 55 24 42 31 14 20 23 26 0 36 22 6 10 17 48 1 50 27 54 16 44 38 30 29 
24. Fitness: 5480024 Chromosome: 34 4 15 52 39 12 25 22 33 54 13 51 43 56 42 20 16 2 26 0 40 32 37 9 19 46 7 41 5 55 24 31 14 23 36 6 10 17 48 1 50 27 44 38 30 29 47 53 28 49 45 8 3 11 35 18 21 
25. Fitness: 5504725 Chromosome: 7 48 21 24 13 14 35 25 3 6 20 45 51 19 36 32 46 34 27 23 49 29 26 37 1 38 8 53 55 15 30 54 22 39 33 42 47 44 10 52 16 9 12 17 5 41 0 31 18 43 4 28 56 11 50 2 40 
26. Fitness: 5508926 Chromosome: 21 55 46 51 18 47 42 7 14 33 24 25 40 9 20 16 2 48 19 49 8 6 37 56 3 45 43 44 31 39 28 52 1 26 34 50 41 4 29 22 10 17 11 5 53 30 13 27 35 12 54 32 15 36 0 38 23 
27. Fitness: 5509127 Chromosome: 19 7 48 21 24 8 46 23 49 53 55 14 15 6 42 31 16 1 3 51 44 32 13 40 34 30 37 43 47 11 10 29 5 39 36 35 38 27 25 52 20 9 33 12 22 18 17 41 0 26 54 4 28 56 50 2 45 
28. Fitness: 5511228 Chromosome: 47 7 13 25 40 11 6 29 26 37 1 53 55 15 30 54 22 44 27 34 33 28 9 52 50 24 32 16 51 19 2 8 42 36 14 49 43 41 20 23 0 10 38 48 17 39 35 18 46 45 56 3 4 5 12 31 21 
29. Fitness: 5511229 Chromosome: 47 7 13 25 40 11 6 29 26 37 1 53 55 15 30 54 22 44 27 34 33 28 9 52 50 24 32 16 51 19 2 8 42 36 14 49 43 41 20 23 0 10 38 48 17 39 35 18 46 45 56 3 4 5 12 31 21 
30. Fitness: 5515130 Chromosome: 18 9 56 46 7 28 15 38 39 1 4 29 25 30 52 47 19 37 23 26 48 42 17 55 36 24 27 13 5 2 40 8 22 44 14 11 21 51 43 41 20 0 3 33 35 10 34 32 50 31 16 49 53 54 45 6 12 
31. Fitness: 5544531 Chromosome: 20 35 27 37 23 19 21 9 44 51 13 31 16 18 3 1 15 12 47 42 14 24 39 45 49 53 28 40 26 56 22 7 46 33 38 54 43 41 4 29 25 17 55 36 48 11 0 10 50 30 6 52 32 34 2 5 8 
32. Fitness: 5545132 Chromosome: 43 12 25 33 7 35 34 38 2 48 36 32 13 4 51 40 46 14 11 23 15 55 30 24 22 9 49 0 16 37 53 42 54 44 6 20 19 21 56 27 10 29 31 39 28 8 17 1 26 52 50 5 41 3 18 47 45 
33. Fitness: 5547733 Chromosome: 36 51 43 35 42 49 30 28 2 41 1 45 18 21 34 4 15 52 39 12 25 22 33 9 19 40 46 7 13 31 11 5 32 55 24 14 20 23 26 0 3 37 6 10 17 48 50 27 54 16 44 38 29 47 53 56 8 
34. Fitness: 5549334 Chromosome: 40 56 27 29 10 46 17 12 48 44 35 6 8 30 24 49 31 22 36 47 23 9 34 18 33 3 20 19 7 39 16 26 53 0 15 28 32 37 21 55 41 50 45 13 52 1 5 54 14 51 43 11 2 25 42 4 38 
35. Fitness: 5551235 Chromosome: 15 12 47 42 2 13 9 30 34 8 48 19 35 20 23 52 27 14 24 45 49 53 0 25 28 56 6 22 10 17 11 5 26 29 37 46 39 1 40 43 41 7 54 33 55 21 38 36 32 44 50 51 4 31 16 18 3 
36. Fitness: 5568436 Chromosome: 18 3 15 12 47 42 7 2 13 9 30 34 8 48 19 1 35 20 23 52 27 43 14 24 39 45 49 53 0 25 28 40 26 56 41 4 29 22 10 17 11 5 54 37 46 33 55 21 38 36 32 44 50 51 6 31 16 
37. Fitness: 5594937 Chromosome: 21 0 44 50 51 56 6 1 16 18 55 28 15 48 19 43 35 20 23 52 27 30 31 14 24 39 45 49 7 47 5 53 25 38 29 9 46 10 11 4 34 12 17 8 2 3 36 22 54 13 42 26 40 32 37 41 33 
38. Fitness: 5611738 Chromosome: 2 6 16 18 3 15 12 22 52 45 49 25 28 34 35 56 39 43 4 19 46 7 13 41 51 5 23 24 42 31 14 20 26 53 0 1 40 32 37 55 36 50 27 48 11 47 8 10 44 54 17 9 33 30 21 29 38 
39. Fitness: 5637839 Chromosome: 30 1 44 49 53 31 56 11 42 13 2 48 15 26 24 3 20 28 22 4 45 33 9 40 46 7 16 51 19 8 36 14 6 43 41 25 23 0 10 38 17 39 21 34 50 37 47 29 18 5 32 12 54 55 35 52 27 
40. Fitness: 5644440 Chromosome: 19 30 12 25 33 7 35 8 38 24 2 48 43 20 23 52 1 14 45 49 29 0 34 40 26 56 41 4 53 22 17 11 5 15 27 10 44 31 39 28 54 37 46 9 55 21 36 32 50 51 6 16 18 3 47 42 13 
41. Fitness: 5644841 Chromosome: 2 48 49 35 23 52 44 14 40 36 17 34 15 24 31 22 19 54 13 33 51 38 43 56 42 20 50 27 7 39 16 26 53 0 1 11 32 37 21 55 41 6 29 5 30 4 25 45 28 3 12 47 18 9 10 46 8 
42. Fitness: 5673642 Chromosome: 2 41 25 42 4 38 40 53 56 46 35 45 12 48 23 22 19 54 13 33 51 43 20 50 27 7 39 16 26 0 1 28 32 37 21 55 6 29 5 30 17 36 44 11 47 24 52 10 9 18 34 8 31 3 49 15 14 
43. Fitness: 5681043 Chromosome: 10 21 38 32 48 36 2 44 47 23 49 30 34 55 20 14 35 25 6 27 8 9 56 26 42 28 31 15 45 46 16 1 37 43 13 11 29 52 12 53 33 22 18 17 5 41 0 3 54 4 39 51 50 40 19 7 24 
44. Fitness: 5682244 Chromosome: 12 31 40 25 20 23 26 42 50 48 47 15 34 39 30 28 9 2 19 49 8 6 43 35 52 27 24 14 18 45 56 3 0 1 41 4 29 22 10 17 11 5 54 37 46 33 55 21 38 36 32 44 53 51 16 13 7 
45. Fitness: 5683945 Chromosome: 2 13 30 55 20 35 25 6 3 9 56 42 45 46 37 43 40 14 19 49 16 47 23 0 15 53 27 44 31 39 28 52 1 26 34 11 29 12 33 22 18 17 5 41 8 54 4 51 50 7 24 10 21 38 32 48 36 
46. Fitness: 5685546 Chromosome: 46 45 56 28 33 10 26 22 43 35 18 52 12 49 2 41 25 42 51 4 6 38 40 21 36 29 47 23 7 44 14 53 30 24 3 17 55 39 48 20 0 19 32 50 13 1 31 16 15 37 11 5 54 27 9 34 8 
47. Fitness: 5688047 Chromosome: 11 10 45 30 3 51 38 43 42 20 55 18 21 5 6 7 54 14 19 49 16 47 23 0 15 53 27 44 31 39 28 52 1 26 34 50 41 4 29 22 9 12 32 36 17 37 56 46 33 2 40 13 48 24 8 35 25 
48. Fitness: 5695448 Chromosome: 21 0 44 50 51 56 6 31 16 18 55 28 15 48 19 43 35 20 23 52 27 30 1 14 24 39 45 49 38 54 33 32 46 40 26 22 41 7 4 29 25 17 53 3 36 37 12 11 5 47 42 2 10 13 9 34 8 
49. Fitness: 5702149 Chromosome: 26 3 33 8 38 50 4 12 25 22 20 23 49 54 14 44 13 24 16 45 9 2 40 55 28 6 39 18 35 31 5 34 41 53 0 1 17 37 10 56 27 48 42 30 46 19 11 52 51 36 47 7 32 15 29 21 43 
50. Fitness: 5719950 Chromosome: 0 32 41 5 36 55 38 46 10 18 47 42 7 14 13 27 39 25 17 9 16 11 48 49 22 8 43 44 29 52 50 6 30 28 26 24 20 51 1 40 19 21 56 2 54 35 33 3 37 53 15 31 34 4 12 23 45 
51. Fitness: 5728951 Chromosome: 46 45 56 28 33 1 26 22 43 35 18 52 19 49 2 41 25 42 51 4 6 38 40 21 36 29 47 23 7 44 14 53 30 24 3 17 55 39 48 20 0 12 32 50 13 10 31 16 15 37 11 5 54 27 9 34 8 
52. Fitness: 5732052 Chromosome: 53 30 47 54 34 9 50 32 6 18 46 45 56 7 28 15 38 39 1 4 29 25 17 55 36 24 52 27 13 5 2 40 8 22 42 48 44 14 11 21 51 43 19 41 20 23 26 0 3 37 33 35 10 16 12 31 49 
53. Fitness: 5740053 Chromosome: 4 29 25 55 27 5 2 40 42 14 11 21 51 43 41 17 12 48 44 35 6 8 30 32 28 24 49 31 22 36 47 23 7 9 34 18 33 3 20 26 19 39 50 0 45 13 52 16 15 37 10 53 54 56 46 38 1 
54. Fitness: 5755154 Chromosome: 47 14 13 24 39 12 40 17 9 27 16 0 53 54 44 6 18 42 49 22 7 52 28 30 2 41 21 1 45 31 19 46 37 3 56 35 48 11 25 23 32 15 5 29 10 43 26 33 8 38 34 50 20 4 36 55 51 
55. Fitness: 5774555 Chromosome: 21 38 31 13 24 33 41 51 29 8 3 18 2 36 56 32 42 4 20 40 46 37 19 49 11 16 54 17 47 23 7 44 48 14 53 15 55 27 10 39 28 34 0 22 9 1 26 52 50 5 6 45 43 30 12 25 35 
56. Fitness: 5776556 Chromosome: 4 26 21 38 33 22 8 43 50 3 20 23 49 54 14 44 13 24 16 45 9 2 40 55 28 6 39 18 52 31 5 34 41 53 0 1 17 37 10 56 27 48 42 30 46 19 11 35 51 36 47 7 32 15 29 12 25 
57. Fitness: 5782757 Chromosome: 36 11 43 35 34 4 15 39 29 25 33 9 19 40 46 13 18 42 49 30 7 52 28 22 2 41 21 1 51 5 32 55 24 31 14 20 23 26 0 3 53 17 56 47 10 16 48 8 6 38 44 50 37 54 27 12 45 
58. Fitness: 5786558 Chromosome: 47 42 32 19 30 12 25 33 7 35 8 38 24 2 48 43 20 23 52 27 1 14 39 45 49 53 0 28 34 40 26 56 41 4 29 22 10 17 11 5 54 37 46 9 55 21 36 13 44 50 51 6 31 16 18 3 15 
59. Fitness: 5809859 Chromosome: 32 13 51 40 19 44 9 50 10 23 49 30 34 55 20 14 35 25 6 27 8 39 56 26 42 28 31 15 45 46 16 1 37 43 47 11 29 52 12 53 33 22 18 17 5 41 0 3 54 4 21 38 36 7 24 2 48 
60. Fitness: 5814960 Chromosome: 18 49 2 42 6 38 36 29 47 23 44 14 17 21 34 4 15 52 39 12 25 22 33 9 19 40 46 7 13 41 51 5 30 24 3 53 55 48 20 0 32 50 10 31 16 37 11 54 27 8 45 56 28 1 26 43 35 
61. Fitness: 5818061 Chromosome: 30 28 2 1 37 11 54 36 27 29 35 45 18 21 4 15 52 39 25 22 53 9 19 40 46 7 13 41 51 5 32 55 24 42 14 20 23 26 0 3 33 17 56 47 10 43 16 48 8 6 38 44 34 12 31 50 49 
62. Fitness: 5828462 Chromosome: 30 28 2 1 37 11 54 36 27 24 35 45 18 21 34 4 15 52 39 12 25 22 33 9 19 40 46 7 13 41 51 5 32 55 29 42 31 14 20 23 26 0 3 53 17 56 47 10 43 16 48 8 6 38 44 50 49 
63. Fitness: 5830563 Chromosome: 19 8 6 43 56 11 32 3 38 23 21 55 46 51 18 47 42 44 4 50 26 39 40 24 13 37 49 16 54 41 0 15 10 31 28 52 22 9 1 29 25 17 53 36 34 5 45 27 30 12 33 7 35 2 48 20 14 
64. Fitness: 5831964 Chromosome: 28 26 53 54 30 27 29 49 32 44 11 3 12 5 18 22 35 4 25 1 45 33 9 40 46 7 13 16 51 19 2 8 42 36 14 6 43 41 20 23 0 10 38 48 17 39 21 34 50 37 47 24 55 56 15 31 52 
65. Fitness: 5848565 Chromosome: 32 0 44 49 50 6 18 3 28 15 23 19 45 39 35 41 7 10 17 1 26 31 12 13 42 4 51 38 20 40 33 54 22 14 9 56 36 46 11 47 43 5 25 27 2 16 29 53 55 37 48 24 52 30 34 8 21 
66. Fitness: 5883666 Chromosome: 28 9 22 29 1 12 33 7 35 8 38 24 2 48 56 32 13 42 51 20 40 46 37 14 19 49 4 16 54 41 47 23 0 15 27 10 44 31 39 36 45 25 53 17 5 43 34 6 3 21 55 18 11 50 26 30 52 
67. Fitness: 5896267 Chromosome: 33 8 38 4 12 25 22 20 23 49 54 44 13 16 45 9 2 40 55 28 6 39 18 31 5 34 41 53 0 1 17 37 10 56 48 42 35 29 52 50 27 24 14 30 46 19 11 51 36 47 7 32 15 21 43 26 3 
68. Fitness: 5915368 Chromosome: 47 38 41 32 7 14 25 17 9 16 11 48 49 22 8 43 44 29 52 27 18 26 30 39 40 24 50 13 5 55 4 28 37 42 20 6 51 1 19 21 56 2 54 35 33 3 53 45 10 12 15 31 0 36 46 34 23 
69. Fitness: 5924769 Chromosome: 21 0 44 50 12 56 16 48 19 43 20 52 27 45 54 33 32 40 26 22 41 7 17 3 36 37 42 2 13 47 28 6 39 49 35 5 1 23 53 55 25 38 24 29 30 9 46 10 11 18 4 15 34 51 31 14 8 
70. Fitness: 5939770 Chromosome: 12 8 17 37 35 13 38 19 55 30 52 21 34 32 53 20 54 22 31 16 36 33 9 56 46 7 28 15 23 14 1 39 40 26 43 41 4 29 25 2 48 11 5 45 0 44 49 50 6 18 3 47 42 24 10 27 51 
71. Fitness: 5942471 Chromosome: 8 1 26 12 13 42 20 40 54 22 21 32 0 44 49 50 51 56 6 31 4 18 3 28 15 23 14 38 19 33 45 46 39 9 36 11 47 43 5 25 2 55 29 10 27 16 17 37 53 35 34 41 30 52 7 48 24 
72. Fitness: 5943772 Chromosome: 36 11 43 35 34 4 15 39 12 25 33 9 19 40 46 13 18 42 49 30 7 52 28 22 2 41 21 1 45 31 51 5 32 55 24 14 20 23 26 0 3 37 47 10 17 48 50 27 54 16 44 38 29 6 53 56 8 
73. Fitness: 5951873 Chromosome: 2 46 35 45 18 48 23 22 54 13 33 38 43 56 42 20 50 27 7 39 16 26 1 51 19 14 40 53 44 36 6 41 17 0 28 32 37 21 55 29 5 30 4 25 11 47 24 52 10 9 12 34 8 31 3 49 15 
74. Fitness: 5976874 Chromosome: 11 32 3 38 31 56 49 26 37 23 21 55 46 51 18 47 42 44 4 50 39 40 24 13 30 7 52 0 28 9 22 33 41 29 1 36 14 45 25 15 2 19 53 54 17 48 5 20 10 43 35 12 34 8 6 27 16 
75. Fitness: 6000175 Chromosome: 3 42 20 52 27 30 24 50 36 8 9 34 11 37 47 0 44 49 12 51 56 6 31 16 18 55 28 15 23 14 38 19 2 33 45 46 39 1 40 26 35 22 43 41 7 4 29 25 17 53 5 21 13 48 10 54 32 
76. Fitness: 6001276 Chromosome: 30 49 31 2 9 34 18 33 3 32 50 45 16 7 28 15 38 39 1 4 29 25 17 55 36 24 52 27 13 5 47 40 8 22 42 48 44 14 11 21 51 43 19 41 20 23 26 0 54 37 53 56 10 46 12 35 6 
77. Fitness: 6012277 Chromosome: 35 25 15 11 10 45 49 4 3 51 38 43 19 42 20 50 55 28 41 39 18 21 5 34 6 29 47 30 23 14 27 54 44 26 7 52 0 1 9 33 31 16 12 32 22 36 17 37 56 46 2 40 13 48 24 8 53 
78. Fitness: 6014978 Chromosome: 51 40 16 49 26 37 45 44 6 3 12 47 5 21 18 33 9 56 7 28 15 32 53 20 54 22 31 46 23 14 38 19 2 36 11 43 41 0 10 17 35 4 25 55 48 1 50 27 13 30 52 29 39 34 24 8 42 
79. Fitness: 6021979 Chromosome: 2 8 43 35 41 18 34 4 52 12 25 22 33 9 46 45 51 42 26 6 1 27 40 21 36 29 47 23 7 44 14 53 30 24 3 17 55 39 48 20 0 19 32 50 13 10 31 16 15 37 11 5 54 38 56 28 49 
80. Fitness: 6062680 Chromosome: 31 40 10 33 54 38 55 46 8 41 25 4 11 28 30 52 47 19 37 23 26 48 42 2 21 51 53 15 22 39 44 35 27 34 20 9 32 50 24 14 6 18 45 43 56 3 17 36 29 1 16 13 5 12 7 0 49 
81. Fitness: 6082481 Chromosome: 51 6 18 3 12 1 47 52 45 49 25 26 35 56 22 43 7 4 48 54 21 42 36 29 37 46 28 15 23 14 38 19 2 33 53 30 55 24 20 0 32 50 39 17 13 10 31 16 41 11 5 40 27 9 34 8 44 
82. Fitness: 6094582 Chromosome: 24 31 27 13 9 28 36 34 8 15 52 32 50 44 38 19 2 46 39 40 26 35 56 22 7 30 25 17 18 47 43 5 4 1 20 49 29 14 11 21 51 41 23 0 3 45 33 16 37 6 10 53 55 12 48 54 42 
83. Fitness: 6116983 Chromosome: 44 13 5 21 8 15 17 37 35 23 14 38 19 55 33 30 7 52 34 32 53 20 54 22 31 46 16 36 1 39 40 26 43 41 4 29 25 2 48 11 45 0 49 50 56 6 18 3 47 42 24 10 27 51 9 28 12 
84. Fitness: 6125084 Chromosome: 20 50 49 26 37 53 54 45 44 47 5 21 22 33 9 56 46 6 31 16 18 3 1 15 12 7 28 23 14 38 19 2 39 35 43 41 4 29 25 17 55 36 48 11 0 10 40 30 13 52 32 34 27 24 8 42 51 
85. Fitness: 6128785 Chromosome: 24 2 32 42 51 20 40 14 16 47 23 0 15 31 39 52 1 26 34 4 17 11 54 46 9 33 55 21 38 36 48 19 49 22 8 6 37 44 56 3 29 45 43 10 53 30 13 27 28 35 5 12 41 50 18 25 7 
86. Fitness: 6147186 Chromosome: 47 37 26 48 42 51 53 23 7 14 30 55 18 0 32 44 20 1 19 21 2 38 41 4 24 49 31 15 22 39 35 27 34 9 50 6 45 43 56 3 17 36 29 16 13 5 40 33 12 10 54 46 8 25 11 28 52 
87. Fitness: 6198487 Chromosome: 37 8 31 3 49 40 15 14 2 46 35 45 18 48 23 22 19 54 13 33 51 38 43 56 20 50 27 7 39 16 26 53 0 1 28 32 34 21 55 41 6 29 5 30 4 25 17 36 44 11 47 24 52 10 9 42 12 
88. Fitness: 6202888 Chromosome: 32 20 50 28 6 18 52 39 51 2 4 40 19 7 48 21 24 8 13 23 0 30 53 5 34 41 29 38 27 44 33 54 22 14 9 56 55 46 11 47 15 12 35 10 26 17 16 31 37 36 25 1 45 43 42 3 49 
89. Fitness: 6220589 Chromosome: 16 26 53 54 44 6 3 12 47 5 21 18 56 46 15 23 38 19 2 11 43 20 10 14 35 37 49 30 7 52 0 28 9 22 31 33 41 29 1 36 17 45 4 32 25 55 48 50 27 13 39 34 24 8 42 51 40 
90. Fitness: 6227190 Chromosome: 2 48 36 56 32 8 46 23 49 53 55 14 15 6 42 31 16 1 13 4 51 20 40 37 19 11 54 41 29 47 0 27 10 44 39 28 52 17 22 9 26 34 50 5 21 3 18 45 43 30 12 25 33 7 35 38 24 
91. Fitness: 6267991 Chromosome: 13 9 34 8 21 45 0 49 50 51 5 31 16 18 3 28 15 33 38 19 2 32 46 39 1 56 23 7 48 14 53 30 55 40 26 35 22 43 41 4 29 25 37 12 6 54 20 17 36 44 11 47 24 52 10 42 27 
92. Fitness: 6329892 Chromosome: 43 30 12 33 7 35 8 38 24 2 48 56 32 13 42 51 20 50 46 37 1 14 39 19 49 11 16 54 41 47 23 0 15 27 10 44 31 28 52 22 9 26 4 29 25 17 53 55 36 34 40 5 21 3 18 6 45 
93. Fitness: 6373393 Chromosome: 56 6 31 16 18 3 30 15 38 48 19 35 20 23 52 27 28 14 24 45 49 53 0 25 2 33 32 46 22 36 1 39 40 26 43 41 4 29 7 55 37 11 54 42 10 47 9 34 8 51 17 12 50 44 13 5 21 
94. Fitness: 6434494 Chromosome: 14 38 2 33 32 10 27 13 9 30 34 8 21 45 0 44 49 50 51 52 56 6 31 16 18 3 28 15 19 22 53 23 26 29 37 46 39 1 40 43 41 7 4 25 55 42 11 54 48 24 47 20 17 12 35 36 5 
95. Fitness: 6440495 Chromosome: 24 13 55 37 42 49 30 36 23 32 0 44 14 38 19 2 33 45 46 20 52 50 15 8 40 53 56 11 51 39 26 35 22 41 7 29 25 17 18 47 43 5 3 16 1 10 27 9 34 31 54 4 28 21 12 48 6 
96. Fitness: 6467696 Chromosome: 42 34 41 7 24 39 17 16 48 44 52 50 27 30 28 26 6 1 19 21 56 35 51 8 13 23 49 38 20 40 33 54 22 14 9 0 55 46 11 47 43 5 25 32 2 36 29 3 37 53 45 4 10 12 15 18 31 
97. Fitness: 6540997 Chromosome: 35 18 12 37 42 51 4 6 40 21 36 29 7 44 48 3 47 13 24 39 52 45 49 53 0 25 28 15 23 14 38 19 2 43 30 55 20 32 50 17 10 31 16 41 11 5 54 27 9 34 8 46 56 1 26 22 33 
98. Fitness: 6592698 Chromosome: 52 39 2 19 43 24 8 13 23 49 30 53 5 42 51 4 6 40 21 36 29 47 7 44 34 41 38 27 33 54 22 14 9 56 55 46 11 15 12 35 10 26 17 16 31 37 25 1 32 0 3 45 48 20 50 28 18 
99. Fitness: 6595099 Chromosome: 2 48 56 32 13 51 40 14 19 49 16 47 23 0 15 53 27 44 31 42 20 50 55 28 41 39 18 52 21 5 34 6 1 26 4 29 22 10 17 11 54 37 46 9 33 8 38 36 3 45 43 30 12 25 7 35 24 
